1437358800 	1099	90.5	93.8	95.4	95.7	96.4	94.5407	1.76554	
1437359400 	1099	90.6	94.2	95.4	95.8	96.3	94.6088	1.77249	
1437360000 	1099	90.5	93.6	95.5	95.8	96.4	94.5706	1.79573	
1437360600 	1099	90.6	94	95.5	95.8	96.6	94.6366	1.74281	
1437361200 	1099	90.6	93.8	95.5	95.8	96.7	94.6291	1.75416	
1437361800 	1099	90.6	94.7	95.5	95.8	96.6	94.7635	1.72536	
1437362400 	1099	90.7	94.4	95.6	95.9	96.7	94.7678	1.74146	
1437363000 	1099	90.7	93.7	95.6	95.9	96.8	94.7166	1.77574	
1437363600 	1099	90.7	94.4	95.7	96	96.6	94.8177	1.77247	
1437364200 	1099	90.7	93.8	95.7	96	96.7	94.788	1.78512	
1437364800 	1099	90.9	94.2	95.7	96	96.8	94.8356	1.74954	
1437365400 	1099	90.8	94.4	95.7	96	96.9	94.8751	1.76276	
1437366000 	1099	90.7	94.6	95.7	96	96.7	94.9719	1.70061	
1437366600 	1099	90.9	94.1	95.8	96.1	96.8	94.9134	1.7668	
1437367200 	1098	90.8	94.3	95.8	96.1	96.9	94.9473	1.77664	
1437367800 	1097	91	93.8	95.8	96.2	96.9	94.9559	1.79116	
1437368400 	1098	90.7	94	95.9	96.2	96.9	94.9876	1.79247	
1437369000 	1098	90.9	94.4	95.9	96.2	97	95.0832	1.75475	
1437369600 	1097	91.1	94.3	95.9	96.2	97	95.1064	1.75842	
1437370200 	1098	91	94.2	96	96.2	97.1	95.0903	1.80479	
1437370800 	1099	91	94.5	96	96.3	97.1	95.1681	1.73376	
1437371400 	1099	91.2	95	96	96.3	97.1	95.2535	1.72878	
1437372000 	1099	91.1	94.6	96.1	96.4	97.2	95.2752	1.73685	
1437372600 	1099	91.2	94.7	96.1	96.4	97.2	95.3169	1.73834	
1437373200 	1099	91.1	95.2	96.1	96.6	97.5	95.3963	1.73485	
1437373800 	1099	91.1	95.1	96.2	96.6	97.2	95.4163	1.73901	
1437374400 	1099	91.4	94.7	96.2	96.6	97.5	95.4081	1.76954	
1437375000 	1099	91.3	94.6	96.2	96.6	97.6	95.3947	1.78954	
1437375600 	1099	91.5	94.6	96.2	96.6	97.2	95.4262	1.77747	
1437376200 	1099	91.4	94.4	96.3	96.7	97.3	95.4178	1.79439	
1437376800 	1099	91.4	94.9	96.3	96.6	97.2	95.5164	1.72147	
1437377400 	1099	91.5	94.2	96.3	96.7	97.3	95.4244	1.80891	
1437378000 	1099	91.5	94.5	96.3	96.7	97.4	95.4918	1.77679	
1437378600 	1099	91.5	94.6	96.4	96.7	97.3	95.5633	1.74352	
1437379200 	1099	91.7	95	96.4	96.8	97.4	95.6237	1.72396	
1437379800 	1098	91.7	94.8	96.4	96.8	97.3	95.618	1.74981	
1437380400 	1097	91.5	94.9	96.5	96.8	97.4	95.6626	1.74252	
1437381000 	1098	91.5	95.3	96.55	96.9	97.6	95.7423	1.73484	
1437381600 	1098	91.7	95.2	96.6	96.9	97.4	95.7423	1.76929	
1437382200 	1099	91.7	94.3	96.6	96.9	97.5	95.6409	1.82462	
1437382800 	1099	91.8	95.8	96.7	96.9	97.5	95.905	1.6889	
1437383400 	1099	91.8	95.2	96.7	97	97.7	95.8332	1.74692	
1437384000 	1099	91.9	94.6	96.7	97	97.7	95.7868	1.79624	
1437384600 	1099	91.8	95.4	96.8	97.1	97.7	95.964	1.72049	
1437385200 	1099	91.8	95.1	96.8	97.1	97.7	95.9347	1.75154	
1437385800 	1099	91.9	95.6	96.8	97.1	97.7	96.0438	1.71639	
1437386400 	1099	91.9	94.7	96.8	97.1	97.8	95.9244	1.78242	
1437387000 	1099	85.7	90.7	93.2	96.5	97.7	93.2285	3.19606	
1437387600 	1099	54.3	88.6	90.3	90.6	91.2	89.2742	2.61987	
1437388200 	1099	-5.1	87.2	90.3	90.6	91.2	86.5228	12.0935	
1437388800 	1099	1.9	86.1	90.2	90.5	94.1	83.5958	15.9695	
1437389400 	1099	-24.1	84.3	89.6	90.5	91.2	78.0939	23.2963	
1437390000 	1099	-12.4	86.5	90.3	90.6	91.2	85.2687	13.7438	
1437390600 	1098	-12	86.3	90.3	90.6	91.4	83.7944	16.4945	
1437391200 	1098	-30.6	68.2	89.55	90.5	91.4	75.5342	26.7605	
1437391800 	1098	-5.5	87.9	90.4	90.7	91.3	88.5946	6.75518	
1437392400 	1098	-58.9	20.3	72.05	90.2	91.3	51.7889	42.7801	
1437393000 	1099	-82.1	2.8	28.5	81.5	91.2	33.5515	44.4774	
1437393600 	1099	-87.6	-8.4	17.9	72.7	90.9	25.9237	46.9678	
1437394200 	1099	-119.8	-24.1	5.6	52.1	90.7	10.5813	49.2965	
1437394800 	1099	-182.2	-85.1	-52.2	-11.3	90.2	-45.27	55.4195	
1437395400 	1099	-154.5	-71.5	-44.8	2.4	89.3	-34.6577	52.1164	
1437396000 	1099	-159.9	-79.6	-53.3	-12.6	89.5	-44.1369	52.6088	
1437396600 	1099	-141.5	-66.2	-39.1	2.3	90	-30.1379	50.5065	
1437397200 	1099	-186.3	-95.2	-58.1	-16.7	89.3	-52.6591	57.894	
1437397800 	1099	-186.6	-107.9	-81.1	-50	67.4	-75.2162	48.1923	
1437398400 	1099	-203.2	-127.5	-98.5	-66.2	53.8	-93.3693	47.5626	
1437399000 	1099	-230.4	-142	-113.6	-82.3	45.1	-108.713	47.3809	
1437399600 	1099	-227.2	-137.5	-108.2	-73.5	59.8	-101.891	50.791	
1437400200 	1099	-180.9	-104.3	-72.7	-37.8	72.7	-68.0016	49.215	
1437400800 	1099	-158.9	-85.5	-57.4	-16	80.6	-49.3694	49.7788	
1437401400 	1099	-181.7	-107.8	-83.7	-50	52.2	-75.2847	48.0815	
1437402000 	1099	-179.5	-106.7	-81.5	-49.9	73.7	-74.0095	48.1008	
1437402600 	1099	-205.6	-138.9	-111.2	-83.1	49.6	-105.463	45.7566	
1437403200 	1099	-393.7	-274.7	-193.2	-139.2	1.8	-203.024	85.5826	
1437403800 	1099	-657.6	-255.9	-222.4	-177.3	3.3621e-4932	-226.229	89.984	
1437404400 	1099	-281.7	-190.5	-160.2	-131.2	26.3	-156.768	49.6278	
1437405000 	1099	-451.6	-222.9	-172.6	-143	3.3621e-4932	-185.464	68.2261	
1437405600 	1099	-969.9	-287.3	-241.3	-203.5	3.3621e-4932	-262.393	117.717	
1437406200 	1098	-668.3	-347.6	-281.8	-242.8	3.3621e-4932	-306.668	97.5241	
1437406800 	1098	-1251.9	-749.1	-239.5	-143.8	7.6	-423.462	353.309	
1437407400 	1099	-1200.7	-963.1	-720.4	-294.3	3.3621e-4932	-661.397	313.114	
1437408000 	1099	-1108.4	-983.2	-963.3	-890.8	3.3621e-4932	-845.689	259.579	
1437408600 	1099	-1018.4	-913.1	-886.5	-868	3.3621e-4932	-862.912	122.107	
1437409200 	1098	-929.5	-876.1	-858.65	-823.5	3.3621e-4932	-827.462	114.32	
1437409800 	1098	-985.8	-810.8	-649.7	-335.5	3.3621e-4932	-566.443	273.278	
1437410400 	1098	-945.1	-778.4	-724.1	-652.1	3.3621e-4932	-707.457	103.462	
1437411000 	1099	-900.7	-697.5	-614	-286.7	3.3621e-4932	-523.842	224.102	
1437411600 	1099	-877.2	-613.4	-461.3	-132	32.1	-387.636	248.537	
1437412200 	1099	-800.3	-598.6	-525	-400.5	33.7	-462.39	198.18	
1437412800 	1099	-742.8	-561.4	-495.3	-426.6	3.3621e-4932	-488.501	94.3225	
1437413400 	1098	-765	-519.8	-443.05	-349.7	84.9	-401.099	177.805	
1437414000 	1098	-645.7	-481.5	-415.8	-332.2	68.5	-395.696	123.668	
1437414600 	1098	-625.9	-446.7	-383.45	-316.5	3.3621e-4932	-381.335	91.2192	
1437415200 	1098	-571	-410.4	-345.55	-282	3.3621e-4932	-344.148	88.8278	
1437415800 	1099	-579.4	-365.1	-285	-145.8	75.5	-259.8	141.554	
1437416400 	1099	-526.8	-354.8	-289.7	-225.4	3.3621e-4932	-288.121	91.7566	
1437417000 	1099	-501.2	-331.8	-273.2	-208	23.6	-270.145	87.0087	
1437417600 	1099	-524.8	-300.7	-242	-169.4	75.8	-237.112	91.6995	
1437418200 	1098	-454.6	-284	-230.05	-170.2	29.6	-226.431	82.8	
1437418800 	1098	-461.4	-262.9	-204.2	-144.5	5.6	-205.358	82.328	
1437419400 	1098	-425.7	-254.8	-193.5	-136.7	26.6	-194.065	81.7103	
1437420000 	1099	-399.4	-197	-106.8	-51.4	82.1	-124.363	97.8209	
1437420600 	1099	-331	-89.8	-69.9	-48.7	51.4	-67.0417	47.1919	
1437421200 	1099	-407.9	-111.3	-83.7	-55.5	63.6	-88.743	63.1117	
1437421800 	1099	-374.2	-194.2	-152.3	-109.5	63	-153.085	71.3237	
1437422400 	1099	-159.1	-79.3	-52.4	-16.8	84.7	-46.5382	49.5649	
1437423000 	1099	-66.8	-11.7	17	57.9	86.6	21.9991	41.2299	
1437423600 	1098	-8.4	81.8	86	86.3	87.2	75.714	20.2907	
1437424200 	1098	-86.5	23.5	73.5	86.2	87.3	52.0454	39.3022	
1437424800 	1098	-459.4	-218.3	-152.15	-104.7	76.3	-161.534	88.3774	
1437425400 	1098	-359.2	-172.3	-116.05	-66.5	84.1	-120.134	77.3927	
1437426000 	1098	-312.8	-170.9	-119.15	-74.2	79.2	-121.38	71.3903	
1437426600 	1099	-240.9	-133.9	-98.1	-52.4	82.9	-92.9424	61.917	
1437427200 	1099	-138.3	-66.7	-19.4	20.5	85.5	-20.7412	57.9659	
1437427800 	1099	-100.9	4.4	25.2	69.9	86.7	30.7772	39.3074	
1437428400 	1098	-138.4	-60.1	-32.9	-4.7	86.1	-30.494	47.3652	
1437429000 	1098	-240.5	-102.4	-86.45	-57.6	84.7	-74.5393	42.11	
1437429600 	1099	-131.5	-60.2	-28.4	13.7	85.5	-21.6091	51.5275	
1437430200 	1099	-47.6	39.1	82.4	86.2	87.2	62.7853	31.1645	
1437430800 	1099	9.9	82.8	86.4	86.8	87.5	82.3768	10.9788	
1437431400 	1099	29.4	85.3	86.6	87	88	85.5676	3.43402	
1437432000 	1099	36.7	85.7	86.7	87	87.6	85.7105	2.96006	
1437432600 	1099	29.9	84.9	86.7	87.1	90	85.8024	2.50864	
1437433200 	1099	71.1	84.9	86.8	87.1	87.9	85.8823	1.84708	
1437433800 	1099	42.4	85.4	86.8	87.1	87.8	85.7865	3.29028	
1437434400 	1099	25.4	84.8	86.8	87.2	87.8	85.6542	3.68203	
1437435000 	1099	60.9	86	87	87.3	89.6	86.2473	2.0252	
1437435600 	1098	84.2	87.8	89.7	90.5	91.5	89.0598	1.8774	
1437436200 	1098	82.9	86.8	87.95	88.6	90.1	87.3744	1.80146	
1437436800 	1099	84.8	89.6	90.9	93	94.8	90.8963	2.3516	
1437437400 	1099	88.9	92.9	93.8	94.1	94.8	93.0346	1.70205	
1437438000 	1099	88.8	92.6	93.8	94.1	94.8	93.0011	1.72089	
1437438600 	1099	88.8	91.9	93.8	94.1	94.9	92.9384	1.77134	
1437439200 	1099	89	92.3	93.9	94.2	94.8	93.0109	1.75802	
1437439800 	1099	89	92.5	93.9	94.2	94.8	93.0474	1.7646	
1437440400 	1099	89	92.1	93.9	94.2	94.8	92.9725	1.80228	
1437441000 	1099	88.9	92.7	93.9	94.2	95	93.0853	1.77753	
1437441600 	1099	89	93.1	93.9	94.2	94.9	93.1967	1.68693	
1437442200 	1099	89.1	93.1	94	94.3	95	93.2389	1.69512	
1437442800 	1097	89.1	92.5	94	94.3	95.1	93.1481	1.78482	
1437443400 	1098	89.1	92.9	94	94.3	95	93.2503	1.73139	
1437444000 	1098	89	92.7	94.1	94.3	95	93.2156	1.76574	
1437444600 	1099	89.2	92.7	94.1	94.4	95.1	93.2403	1.75993	
1437445200 	1099	89.2	92.8	94.1	94.4	95.2	93.2919	1.73181	
1437445800 	1099	89	93	94.1	94.4	95.1	93.2975	1.74456	
1437446400 	1099	89.1	93.5	94.1	94.4	95.3	93.3756	1.71291	
1437447000 	1099	89.3	92.9	94.2	94.4	95.2	93.3206	1.75988	
1437447600 	1099	89.3	93.7	94.2	94.4	95.3	93.4918	1.63861	
1437448200 	1099	89.4	93.5	94.2	94.5	95.2	93.4652	1.65986	
1437448800 	1099	89.2	93.7	94.2	94.5	95.3	93.5385	1.61122	
1437449400 	1099	89.4	93.3	94.2	94.5	95.3	93.4726	1.70869	
1437450000 	1099	89.5	92.5	94.2	94.6	95.2	93.401	1.77214	
1437450600 	1099	89.4	93	94.3	94.6	95.3	93.4589	1.76165	
1437451200 	1099	89.4	92.5	94.3	94.7	95.3	93.4601	1.81821	
1437451800 	1099	89.2	93.5	94.4	94.6	95.4	93.5923	1.70128	
1437452400 	1099	89.5	93.8	94.4	94.7	95.3	93.6557	1.66166	
1437453000 	1098	89.5	92.8	94.4	94.7	95.4	93.5362	1.77248	
1437453600 	1098	89.5	92.2	94.4	94.7	95.3	93.4619	1.80633	
1437454200 	1098	89.5	92.9	94.4	94.8	95.6	93.6196	1.74665	
1437454800 	1099	89.6	93.5	94.4	94.7	95.4	93.6707	1.6767	
1437455400 	1099	89.3	93	94.5	94.8	95.5	93.6571	1.77507	
1437456000 	1099	89.7	93.5	94.5	94.8	95.4	93.7071	1.74168	
1437456600 	1099	89.5	92.3	94.5	94.8	95.5	93.6076	1.81681	
1437457200 	1099	89.5	92.7	94.5	94.9	95.6	93.6769	1.77191	
1437457800 	1099	89.6	92.8	94.5	94.8	95.6	93.6782	1.78767	
1437458400 	1099	89.6	92.7	94.5	94.9	95.6	93.6721	1.82548	
1437459000 	1099	89.5	93.7	94.6	94.9	95.5	93.8733	1.67528	
1437459600 	1099	89.5	93.9	94.6	95	95.7	93.8972	1.68612	
1437460200 	1099	89.6	93.1	94.6	95	95.7	93.8442	1.75922	
1437460800 	1099	89.7	94.1	94.7	95	95.7	93.9824	1.69612	
1437461400 	1099	89.8	92.8	94.7	95	95.7	93.8103	1.7874	
1437462000 	1099	89.8	93.7	94.7	95.1	95.6	93.9298	1.74082	
1437462600 	1098	89.8	93.2	94.7	95.1	95.8	93.9102	1.76161	
1437463200 	1098	89.9	93.8	94.8	95.1	95.8	93.9913	1.73409	
1437463800 	1098	89.8	93.6	94.8	95.1	95.8	93.9949	1.75408	
1437464400 	1098	90	93.6	94.8	95.2	95.8	94.0168	1.75571	
1437465000 	1098	89.8	93.6	94.8	95.2	95.8	94.0178	1.73551	
1437465600 	1099	90	93.6	94.9	95.2	96	94.0376	1.78146	
1437466200 	1099	90.1	93.9	94.9	95.2	95.9	94.0976	1.7375	
1437466800 	1099	90.1	93.3	94.9	95.2	95.9	94.048	1.75959	
1437467400 	1099	89.9	93.2	94.9	95.3	95.9	94.0652	1.80425	
1437468000 	1099	90	94	95	95.3	95.9	94.2055	1.70679	
1437468600 	1099	89.8	92.9	95	95.3	96	94.0599	1.8292	
1437469200 	1099	90	93.8	95	95.3	96	94.1964	1.75774	
1437469800 	1099	90	94	95	95.4	96	94.2813	1.71459	
1437470400 	1099	90.1	93.7	95.1	95.4	96	94.2342	1.75396	
1437471000 	1099	90.1	93.4	95.1	95.4	96.2	94.1944	1.80257	
1437471600 	1099	90.2	92.9	95.1	95.4	96.3	94.1701	1.83809	
1437472200 	1099	85.9	91	93.4	95.1	96.1	92.9001	2.47924	
1437472800 	1099	83.8	88.1	89	90.2	91.6	88.7573	1.88	
1437473400 	1098	73.1	87.2	88.5	88.8	89.5	87.6985	1.79685	
1437474000 	1098	84	88.6	89.65	91.2	93	89.5363	2.06559	
1437474600 	1098	83.8	88.6	89.4	91.9	93.8	89.6954	2.4263	
1437475200 	1098	54	87.4	88.6	88.9	89.7	87.7412	2.11753	
1437475800 	1099	23.6	87.3	88.6	88.9	89.6	87.6136	3.75027	
1437476400 	1099	21.3	87.7	88.7	88.9	89.7	87.5091	4.48231	
1437477000 	1099	8.2	85.4	88.6	88.9	89.6	85.3582	10.1825	
1437477600 	1099	-4.2	84.4	88.5	88.9	89.6	80.5396	17.7538	
1437478200 	1099	-12.7	65.8	87.3	88.8	89.7	74.8598	22.7567	
1437478800 	1099	-21	50.2	84.8	88.7	89.7	68.672	27.6757	
1437479400 	1099	-33	40.9	84.2	88.6	90.3	62.4779	32.0139	
1437480000 	1099	-20.6	44.9	74.6	88.6	89.6	62.6223	30.1649	
1437480600 	1099	-21.7	49	84.5	88.8	89.6	66.4179	29.1717	
1437481200 	1099	-75.5	13.9	43.3	85.4	89.6	43.458	40.2945	
1437481800 	1099	-114	-20	12.8	58.5	89.3	16.5484	48.7119	
1437482400 	1098	-126.2	-26	13.1	64.2	89.3	13.7891	52.4926	
1437483000 	1098	-81.3	6.2	33.05	83.7	89.6	35.6924	42.671	
1437483600 	1099	-119.8	-31.1	6.9	52.5	89.3	9.2364	51.9528	
1437484200 	1099	-142.9	-65.3	-35.8	9.1	88.5	-27.1487	52.1465	
1437484800 	1099	-171.5	-75.4	-38.4	1.3	88.5	-32.1693	56.5952	
1437485400 	1098	-166.4	-85.1	-56.9	-11.5	87.6	-47.8416	54.0919	
1437486000 	1099	-133.3	-46.6	-5.5	38.5	88.8	-3.61365	56.7715	
1437486600 	1099	-187.1	-95.2	-54.8	-11.2	88.5	-49.7977	59.8156	
1437487200 	1099	-108.6	-39.3	-16.3	33	88.4	-4.52093	49.2684	
1437487800 	1099	-210.3	-94.6	-53.8	-6.5	88.4	-49.4977	62.6563	
1437488400 	1099	-135.8	-39.2	-4.3	41.6	88.4	0.713649	51.9801	
1437489000 	1099	-273.6	-168	-97.5	-37.9	87.7	-98.7812	81.1486	
1437489600 	1099	-163.6	-58.4	-27.9	16.6	88.2	-19.716	52.7854	
1437490200 	1099	-309	-191.9	-128.4	-80.9	84.6	-131.658	77.6024	
1437490800 	1099	-182.5	-86	-45.8	1.1	87.8	-40.5929	61.1965	
1437491400 	1099	-170.1	-66.9	-30.9	6.2	87.6	-28.8836	55.3664	
1437492000 	1098	-166.9	-75.7	-40.2	1.5	87.7	-35.2972	56.467	
1437492600 	1098	-199.5	-129	-102	-68.1	76.6	-94.5139	50.023	
1437493200 	1098	-168.4	-91.3	-62.05	-19.6	86.8	-51.8802	53.1199	
1437493800 	1097	-164.4	-73.8	-41.8	-1.3	86.7	-34.5799	50.7886	
1437494400 	1098	-176.3	-83.2	-55	-14.2	78.6	-46.3308	51.5325	
1437495000 	1098	-167.6	-76.3	-22.75	27.1	88	-23.1029	64.8157	
1437495600 	1099	-71.9	7	30.2	82.7	88.5	36.778	39.9016	
1437496200 	1099	-157.8	-25.2	8.1	50.3	88.6	10.2535	51.0052	
1437496800 	1099	-238.6	-165.3	-138.3	-109.9	2.6	-136.598	38.9018	
1437497400 	1099	-202.7	-110.2	-73.3	-34.9	87.5	-68.6086	54.4424	
1437498000 	1099	-114.4	-46.8	-21.2	8.9	87.4	-15.7838	45.1822	
1437498600 	1099	-237.2	-157	-110.9	-61	72.2	-106.233	63.6955	
1437499200 	1098	-441.3	-373.1	-272.75	-185.2	3.3621e-4932	-277.34	95.4449	
1437499800 	1098	-473.6	-361.5	-245.8	-214.1	13	-275.168	96.1035	
1437500400 	1098	-181.9	-62	-30.45	-8.5	86.1	-32.9032	47.1187	
1437501000 	1098	-320.4	-241.7	-188.1	-148.3	3.3621e-4932	-196.109	58.4505	
1437501600 	1099	-299	-171.6	-134.4	-94.4	24.7	-133.331	53.2349	
1437502200 	1099	-393.4	-208.9	-193.2	-178.5	3.3621e-4932	-200.115	35.9458	
1437502800 	1099	-688.1	-334.3	-200.6	-132.3	3.3621e-4932	-257.195	163.229	
1437503400 	1099	-400.3	-227.2	-194.7	-149	3.3621e-4932	-196.811	59.9815	
1437504000 	1099	-494.4	-344	-242.1	-171.6	3.3621e-4932	-256.522	96.417	
1437504600 	1099	-313.9	-194.9	-165.7	-132.2	3.3621e-4932	-164.644	45.2669	
1437505200 	1098	-405.8	-185.1	-82.9	-39	66.2	-107.5	94.2166	
1437505800 	1098	-378.4	-270.9	-216.25	-197.4	3.3621e-4932	-233.595	52.5055	
1437506400 	1098	-355.7	-248	-218.05	-155.1	3.3621e-4932	-209.412	62.7103	
1437507000 	1098	-695	-510.9	-430.45	-351.3	3.3621e-4932	-434.782	96.6855	
1437507600 	1099	-623.9	-331.5	-246.5	-200.8	84.4	-267.977	108.369	
1437508200 	1099	-630.5	-297.6	-143.7	-102.6	30.7	-198.116	139.764	
1437508800 	1099	-147.2	-44	-6.5	39.7	86.7	-5.54158	57.6056	
1437509400 	1099	-105.3	-31.2	2.3	44.9	87.1	5.61456	49.2865	
1437510000 	1099	-89.5	-14.9	12.9	48.2	87.1	18.1277	42.6315	
1437510600 	1099	-104.3	-30.2	-1.3	37.7	87	7.04914	44.8451	
1437511200 	1099	-155.4	-74.8	-41.8	-1.9	86.8	-35.5081	54.0244	
1437511800 	1098	-142.4	-52.7	-24.85	14.5	86.8	-17.275	49.0533	
1437512400 	1097	-84.2	-12.1	17	61	87.4	20.5208	43.9233	
1437513000 	1099	-80.1	-16	6.3	51	87.2	14.5571	43.1034	
1437513600 	1099	-60.5	3.2	22.1	76.2	87.7	32.1202	40.4304	
1437514200 	1099	-54.5	1.9	28.2	62.9	87.4	31.8344	37.5357	
1437514800 	1099	-55.8	19.8	40.6	83.8	87.7	44.5972	37.0745	
1437515400 	1099	-34.6	22.8	46.4	84.2	87.8	46.8817	35.7167	
1437516000 	1099	-68.3	11.5	45.8	85	87.9	43.0545	40.6157	
1437516600 	1099	-70.1	6.4	28.8	79.5	87.8	35.5931	39.9887	
1437517200 	1099	-39.5	62.6	85.5	87.3	88.1	72.0458	25.989	
1437517800 	1099	16.2	85.3	87.3	87.6	88.2	85.3739	6.64708	
1437518400 	1098	31.1	85.3	87.3	87.6	88.4	86.1903	3.28505	
1437519000 	1098	55.6	85.7	87.4	87.7	88.4	86.4554	2.26955	
1437519600 	1098	64.1	85.6	87.4	87.8	89	86.5839	2.02229	
1437520200 	1100	84	88.8	90.9	91.9	92.8	90.1479	2.06108	
1437520800 	1099	87.8	92.1	94	94.4	95.3	93.0056	1.88728	
1437521400 	1099	88.7	93.1	94.1	94.4	95.3	93.3462	1.71651	
1437522000 	1099	88.7	92.9	93.9	94.4	95.2	93.1955	1.75095	
1437522600 	1099	87.4	91.5	92.4	92.9	94	91.7709	1.74668	
1437523200 	1099	87.8	92.3	94.3	94.7	95.5	93.333	1.88125	
1437523800 	1099	88.7	91.5	94	94.5	95.4	93.1167	1.90377	
1437524400 	1099	89.6	93.1	94.5	94.8	95.5	93.7251	1.75327	
1437525000 	1099	89.6	93.5	94.6	95	95.7	93.8379	1.74206	
1437525600 	1099	89.8	93.4	94.9	95.2	95.8	94.0755	1.73415	
1437526200 	1099	90	93.3	94.9	95.2	96	94.0671	1.76686	
1437526800 	1099	89.9	94	95	95.3	95.9	94.2357	1.7041	
1437527400 	1099	90	94.2	95.1	95.3	96	94.3044	1.68966	
1437528000 	1098	90.1	94.4	95.1	95.4	96.1	94.349	1.70714	
1437528600 	1098	90.4	94.2	95.1	95.4	96.1	94.3602	1.696	
1437529200 	1098	90.2	93.5	95.2	95.5	96.2	94.3203	1.78113	
1437529800 	1098	90.3	93.8	95.2	95.6	96.2	94.4094	1.76507	
1437530400 	1099	90.3	93.7	95.3	95.6	96.2	94.429	1.7631	
1437531000 	1099	90.5	94.4	95.3	95.6	96.2	94.5271	1.67747	
1437531600 	1099	90.4	94.3	95.4	95.6	96.3	94.5683	1.70475	
1437532200 	1099	90.5	93.7	95.4	95.7	96.4	94.5117	1.77439	
1437532800 	1099	90.4	94.2	95.4	95.7	96.4	94.6102	1.73215	
1437533400 	1099	90.6	93.9	95.5	95.8	96.4	94.6204	1.75039	
1437534000 	1099	90.5	93.9	95.5	95.8	96.4	94.621	1.7611	
1437534600 	1099	90.6	93.4	95.5	95.8	96.7	94.5641	1.83242	
1437535200 	1099	90.6	93.1	95.5	95.8	96.7	94.5584	1.83248	
1437535800 	1099	90.7	94.2	95.6	95.8	96.6	94.7706	1.71461	
1437536400 	1099	90.7	94.7	95.6	95.9	96.7	94.8177	1.69733	
1437537000 	1099	90.6	94.7	95.7	96	96.7	94.887	1.72268	
1437537600 	1099	90.7	94.1	95.7	96	96.7	94.7979	1.78016	
1437538200 	1098	90.6	94.1	95.7	96	96.8	94.7972	1.78565	
1437538800 	1097	90.7	94.5	95.7	96	96.8	94.8829	1.74796	
1437539400 	1098	90.8	94.6	95.7	96	96.8	94.9304	1.71764	
1437540000 	1098	90.6	94.6	95.7	96	96.8	94.9402	1.70852	
1437540600 	1099	90.9	93.5	95.7	96.1	96.8	94.7947	1.84205	
1437541200 	1099	90.9	93.8	95.7	96.1	96.9	94.8862	1.77223	
1437541800 	1099	90.9	93.9	95.8	96.1	96.8	94.9147	1.77243	
1437542400 	1099	90.9	94.3	95.8	96.1	96.8	94.9819	1.76657	
1437543000 	1099	90.9	94.8	95.8	96.1	96.9	95.0638	1.66188	
1437543600 	1099	91	94.6	95.8	96.1	97	95.0479	1.73256	
1437544200 	1099	91	94.1	95.8	96.1	96.8	94.9832	1.76451	
1437544800 	1099	91	94.6	95.9	96.2	97	95.0903	1.70906	
1437545400 	1099	91	94.8	95.9	96.2	97.1	95.1331	1.70261	
1437546000 	1099	91.1	94.2	95.9	96.2	97	95.0732	1.75909	
1437546600 	1099	90.9	94.1	95.9	96.2	97.1	95.0564	1.79229	
1437547200 	1099	91	94.6	96	96.3	97	95.1624	1.74457	
1437547800 	1099	91.1	94.2	96	96.3	97	95.1389	1.77712	
1437548400 	1099	91.1	94.3	96	96.3	97	95.1324	1.7994	
1437549000 	1098	91	94.7	96	96.3	97.1	95.2222	1.75781	
1437549600 	1098	91.3	94.5	96	96.4	97.1	95.2047	1.7745	
1437550200 	1098	91	94.6	96.1	96.4	97.2	95.2816	1.75174	
1437550800 	1098	91.3	94.5	96.1	96.4	97.3	95.2753	1.78027	
1437551400 	1099	91.3	94.5	96.1	96.4	97.2	95.2993	1.75531	
1437552000 	1099	91.1	94.7	96.1	96.5	97.1	95.3501	1.75269	
1437552600 	1099	91.2	94.5	96.1	96.6	97.2	95.3428	1.77469	
1437553200 	1099	91.2	95	96.2	96.6	97.2	95.4465	1.70951	
1437553800 	1099	91.2	94.7	96.2	96.6	97.3	95.3753	1.76767	
1437554400 	1099	91.3	95.3	96.3	96.7	97.4	95.5084	1.75265	
1437555000 	1099	91.3	95.2	96.3	96.6	97.3	95.5032	1.73548	
1437555600 	1099	91.2	94.7	96.3	96.7	97.5	95.498	1.75894	
1437556200 	1099	91.4	95.3	96.4	96.8	97.5	95.6052	1.74303	
1437556800 	1099	91.7	94.5	96.4	96.8	97.5	95.5495	1.80442	
1437557400 	1099	91.7	95.2	96.4	96.8	97.6	95.69	1.70989	
1437558000 	1099	91.7	94.6	96.4	96.8	97.7	95.6362	1.74278	
1437558600 	1099	89.9	94.4	95.2	96.1	97.3	94.7707	1.80397	
1437559200 	1099	85.1	89.6	90.5	93.3	95.2	90.8695	2.45573	
1437559800 	1099	72.3	88.4	89.9	90.3	91.9	89.0581	1.86288	
1437560400 	1097	-44.5	86.9	89.8	90.2	90.8	84.9167	16.7871	
1437561000 	1098	-51	36.6	76.15	89.6	90.8	59.0392	35.1586	
1437561600 	1098	-78.8	27.9	60.35	89.2	90.9	53.453	37.6357	
1437562200 	1099	-53.8	34.5	69.7	89.7	90.9	57.0793	35.4987	
1437562800 	1099	-132.3	-19.9	16.3	58.5	90.6	17.4153	50.0097	
1437563400 	1099	-269	-119.7	-18.2	44.4	90.6	-34.1997	96.034	
1437564000 	1099	-285	-122.8	-57.8	-0.1	89.5	-61.3867	82.9893	
1437564600 	1099	-223.2	-17.4	22	76	90.5	21.5136	53.6834	
1437565200 	1099	-349.8	-241.5	-71.9	15.3	90	-101.403	135.939	
1437565800 	1099	-380	-319.7	-293.5	-266.9	3.3621e-4932	-289.442	43.8391	
1437566400 	1098	-413.9	-362.5	-339.25	-316.7	3.3621e-4932	-334.672	39.9837	
1437567000 	1098	-460.8	-398.7	-379.45	-358.5	3.3621e-4932	-375.55	35.1292	
1437567600 	1097	-499.8	-443	-422.6	-402.4	3.3621e-4932	-419.67	32.8318	
1437568200 	1099	-534.1	-479.7	-462.2	-443.9	3.3621e-4932	-458.926	29.5491	
1437568800 	1099	-589.1	-515.3	-500.3	-482.8	3.3621e-4932	-496.914	26.7861	
1437569400 	1099	-667.5	-549.1	-528.9	-502.2	87.1	-473.228	161.024	
1437570000 	1099	-739.2	-628.7	-589	-265.4	86.9	-441.261	251.099	
1437570600 	1098	-812.9	-684.6	-454.75	-78.6	86.7	-389.254	301.793	
1437571200 	1099	-802	-90.2	-35.7	17.9	87.3	-77.695	175.698	
1437571800 	1098	-793	-693.6	-678.05	-641.4	87.5	-626.897	160.097	
1437572400 	1098	-776.3	-674.3	-609.4	-498	16	-544.113	181.646	
1437573000 	1098	-852.7	-561.3	-201.05	-80.8	80.1	-307.092	259.8	
1437573600 	1098	-800	-571.7	-441.95	-110.3	85.7	-364.231	244.153	
1437574200 	1099	-786.8	-512.5	-285.6	-70.1	86.3	-292.133	234.523	
1437574800 	1099	-766.9	-510.6	-381.6	-188.7	67.8	-355.679	183.601	
1437575400 	1099	-838	-405.7	-147.6	-62.4	85.4	-224.888	203.43	
1437576000 	1099	-660.1	-455.5	-358.1	-207.9	86.3	-316.474	185.202	
1437576600 	1098	-652.8	-397.6	-316.1	-196	17.4	-302.851	131.695	
1437577200 	1098	-592.3	-392.5	-306.95	-217.5	79.4	-292.035	136.74	
1437577800 	1098	-556.2	-375.3	-313.6	-247.8	3.3621e-4932	-311.013	92.071	
1437578400 	1098	-540.2	-355.5	-286.85	-221.5	3.3621e-4932	-286.846	90.895	
1437579000 	1099	-569.1	-311.5	-223	-145.7	59.8	-226.499	112.306	
1437579600 	1099	-576.4	-310.1	-241	-175.5	53.9	-245.178	98.0104	
1437580200 	1099	-508.5	-295.5	-227.3	-164.4	3.3621e-4932	-231.28	92.8848	
1437580800 	1099	-484.2	-278.1	-207.8	-149.4	57.6	-213.505	90.9729	
1437581400 	1099	-484.1	-256.8	-192.5	-129.7	55.4	-196.236	93.3728	
1437582000 	1099	-453.5	-244.4	-178.4	-121.1	66	-183.694	90.2194	
1437582600 	1098	-438.9	-228.4	-163.45	-110.4	76.3	-170.807	87.1818	
1437583200 	1098	-433	-219.9	-159.8	-101.6	81.3	-161.939	86.1866	
1437583800 	1098	-413	-203.4	-140.6	-87	69.6	-147.266	88.7196	
1437584400 	1098	-462.7	-192.6	-132.3	-80.2	72.5	-139.109	85.4195	
1437585000 	1098	-462.1	-185.9	-126.5	-71.4	82	-130.234	85.6658	
1437585600 	1099	-419.1	-179.9	-124.7	-70.8	78.4	-128.743	84.0025	
1437586200 	1099	-399.8	-177.7	-117.3	-68.8	81.7	-124.124	83.9617	
1437586800 	1099	-409.3	-165.8	-108.5	-57.9	81.9	-112.963	82.3237	
1437587400 	1099	-437.8	-162	-106.4	-50.8	81.9	-110.901	85.7088	
1437588000 	1099	-374.1	-153.6	-95.1	-44.1	81.6	-101.134	81.6787	
1437588600 	1099	-386.5	-138.4	-87.5	-39	81.4	-92.8987	79.3933	
1437589200 	1099	-303.5	-124.5	-85.2	-39	83.8	-80.7042	63.3674	
1437589800 	1099	-337.7	-136.4	-84	-29.1	83.7	-85.5752	79.8733	
1437590400 	1099	-371.1	-139.1	-79.5	-30.5	81.8	-85.3322	81.3074	
1437591000 	1099	-373.3	-132.5	-76.6	-26.1	81.8	-80.6516	79.0576	
1437591600 	1099	-358.7	-127.8	-74.1	-23.6	82.3	-76.4303	77.33	
1437592200 	1099	-331.1	-119	-68.3	-15.9	81.7	-71.3578	78.0352	
1437592800 	1099	-316.5	-112.5	-65.9	-8	82	-63.8833	75.858	
1437593400 	1099	-334.3	-116.8	-63.6	-11.2	81.5	-67.1116	75.6243	
1437594000 	1099	-320.6	-94.7	-45.6	5.2	84.2	-49.2762	73.7133	
1437594600 	1099	-329	-53.6	-12	39.4	85.5	-15.9421	72.5663	
1437595200 	1098	-286.8	-100.5	-63.05	-16.6	82.2	-61.4517	65.938	
1437595800 	1098	-281.2	-76.3	-48.65	-13	81.7	-43.2128	50.7754	
1437596400 	1098	-327.5	-95.2	-45.3	2.8	83.7	-50.9342	73.9354	
1437597000 	1098	-298.9	-90.2	-39.35	11.1	84.3	-43.2566	73.1403	
1437597600 	1098	-391.1	-57.8	14.9	76.6	85.9	-6.08188	92.2743	
1437598200 	1098	-301.9	-100.9	-46.45	2	81.6	-52.5032	73.8294	
1437598800 	1099	-270.3	-90.8	-34.4	13.3	84.8	-41.1863	75.1687	
1437599400 	1099	-274.9	-52.5	-1.5	34.7	85.4	-14.7574	73.2455	
1437600000 	1099	-275.6	-91.2	-39.7	5.9	81.9	-43.5122	68.6499	
1437600600 	1099	-156.8	80	84.7	86.2	87.4	66.5726	41.2064	
1437601200 	1099	-205.9	-102.7	-10.2	81.9	87.4	-18.7319	87.7318	
1437601800 	1099	-116.4	82.1	85.6	86.5	87.6	73.1196	33.0063	
1437602400 	1099	-55	82.3	86.3	86.9	91.7	76.2528	21.9058	
1437603000 	1099	-66.6	25.1	82.1	86.7	87.7	55.6786	38.6889	
1437603600 	1099	-92.8	-16.4	12.2	55.4	87.3	16.5096	44.9451	
1437604200 	1099	-49.3	21.3	43.1	82.8	87.6	44.9635	35.3691	
1437604800 	1099	-50.7	63.5	85.7	87	87.8	69.4068	30.132	
1437605400 	1097	35.2	85.3	87	87.3	87.8	86.0373	2.45266	
1437606000 	1099	38.7	85.7	87	87.3	87.9	85.9704	3.19401	
1437606600 	1099	70.6	85.4	87	87.3	87.9	86.1356	1.89473	
1437607200 	1099	57.4	85.4	87.1	87.4	88	86.1197	2.11431	
1437607800 	1099	48.7	86.7	87.6	90	91	87.7109	2.6235	
1437608400 	1099	78.7	86.7	87.3	88.3	90.5	87.1037	1.97449	
1437609000 	1099	72.5	87.1	87.8	91.2	94	88.7273	2.98305	
1437609600 	1099	88.6	92.1	93.8	94.1	94.7	92.9116	1.77314	
1437610200 	1099	89	92.7	93.9	94.2	94.9	93.1128	1.74671	
1437610800 	1099	88.8	92.4	93.9	94.2	95	93.0655	1.78373	
1437611400 	1097	89	92.5	94	94.3	95.1	93.1396	1.73217	
1437612000 	1098	89.1	92.9	94	94.3	95	93.1821	1.73917	
1437612600 	1099	89	92.3	94	94.3	95	93.1646	1.75765	
1437613200 	1099	89.1	92.3	94	94.3	95.1	93.1124	1.8386	
1437613800 	1099	89.1	92.7	94	94.4	95.1	93.2005	1.78006	
1437614400 	1099	89.2	92.2	94	94.4	95	93.1597	1.78993	
1437615000 	1099	89.1	92.4	94.1	94.4	95.1	93.2082	1.77601	
1437615600 	1099	89.2	92.1	94.1	94.4	95.1	93.1631	1.7945	
1437616200 	1099	89.2	92.9	94.1	94.4	95.2	93.3358	1.75829	
1437616800 	1099	89.3	92.9	94.1	94.4	95.2	93.3439	1.73932	
1437617400 	1099	89.2	92.9	94.2	94.5	95.4	93.3759	1.72683	
1437618000 	1099	89.3	92.5	94.2	94.5	95.4	93.3414	1.75541	
1437618600 	1098	89.2	92.6	94.2	94.5	95.3	93.3606	1.79472	
1437619200 	1098	89.3	92.6	94.2	94.5	95.5	93.3915	1.73507	
1437619800 	1098	89.2	92.9	94.1	94.4	95	93.3026	1.72533	
1437620400 	1099	89.1	93	94.1	94.4	95.1	93.3319	1.70187	
1437621000 	1099	89.3	93.3	94.1	94.4	95.2	93.3705	1.69321	
1437621600 	1099	89.2	93.1	94.1	94.4	95.1	93.3346	1.7417	
1437622200 	1099	89.2	93.7	94.2	94.5	95.1	93.5062	1.64714	
1437622800 	1099	89.3	93.8	94.2	94.5	95.1	93.5031	1.63904	
1437623400 	1099	89.4	93.6	94.2	94.5	95.3	93.4885	1.67413	
1437624000 	1099	89.2	94	94.3	94.5	95.3	93.623	1.61633	
1437624600 	1099	89.4	93.6	94.3	94.6	95.2	93.5974	1.62709	
1437625200 	1099	89.4	94.1	94.4	94.6	95.4	93.7631	1.55687	
1437625800 	1099	89.3	94	94.4	94.6	95.3	93.6994	1.62035	
1437626400 	1099	89.4	93.7	94.4	94.6	95.5	93.65	1.65729	
1437627000 	1099	89.4	94	94.4	94.6	95.4	93.7387	1.62557	
1437627600 	1099	89.6	94.1	94.5	94.7	95.5	93.8597	1.55817	
1437628200 	1098	89.6	93.6	94.5	94.8	95.4	93.7179	1.70545	
1437628800 	1098	89.6	93	94.5	94.8	95.6	93.6975	1.7734	
1437629400 	1099	89.5	93.3	94.6	94.8	95.6	93.751	1.73151	
1437630000 	1099	89.6	93.1	94.6	95	95.5	93.7966	1.7625	
1437630600 	1099	89.8	93.5	94.6	95	95.6	93.8631	1.73989	
1437631200 	1099	89.7	93.5	94.6	95	95.7	93.8488	1.75135	
1437631800 	1099	89.8	92.8	94.6	95	95.8	93.759	1.81252	
1437632400 	1099	89.7	93.1	94.7	95	95.7	93.8924	1.73433	
1437633000 	1099	89.8	93.8	94.7	95	95.7	93.9965	1.68601	
1437633600 	1099	89.8	93.1	94.7	95.1	95.8	93.893	1.81589	
1437634200 	1099	89.8	93.1	94.8	95.1	95.8	93.9445	1.77626	
1437634800 	1099	89.8	93.2	94.8	95.2	95.7	93.9828	1.75809	
1437635400 	1099	89.9	93.5	94.8	95.2	95.7	94.0396	1.74127	
1437636000 	1099	89.7	93.9	94.9	95.2	95.9	94.1065	1.69597	
1437636600 	1099	89.8	93.7	94.9	95.2	95.9	94.0834	1.73058	
1437637200 	1099	90.1	93.9	94.9	95.2	96	94.1514	1.70726	
1437637800 	1098	90	93.8	95	95.3	95.8	94.1444	1.75173	
1437638400 	1098	90.1	93.8	95	95.3	96	94.1801	1.73936	
1437639000 	1098	90.1	93.5	95	95.3	96	94.1339	1.78369	
1437639600 	1098	90.1	93.7	95	95.3	95.9	94.2138	1.72275	
1437640200 	1099	90.1	93.1	95	95.4	96	94.1258	1.81138	
1437640800 	1099	90	92.9	95.1	95.4	96	94.1644	1.82116	
1437641400 	1099	90.2	93.8	95.1	95.4	96.1	94.2957	1.71751	
1437642000 	1099	90.1	94	95.1	95.4	96.1	94.3298	1.72308	
1437642600 	1099	90.3	94	95.2	95.5	96.2	94.3769	1.76317	
1437643200 	1099	90.3	94.3	95.3	95.6	96.3	94.4898	1.73425	
1437643800 	1099	89.8	94	95.2	95.5	96.2	94.3712	1.72573	
1437644400 	1099	86.7	91.3	92.6	93.6	95.3	92.1308	1.91052	
1437645000 	1099	83.9	88.3	89.1	90.3	92.2	88.8874	1.90582	
1437645600 	1099	72	87.3	88.6	88.9	90	87.7813	1.82513	
1437646200 	1099	53.3	87.3	88.6	89	89.7	87.7037	2.60685	
1437646800 	1099	35.9	87.2	88.7	89	89.8	87.7654	2.49114	
1437647400 	1099	48.9	87.1	88.7	89	89.6	87.7469	2.43355	
1437648000 	1099	52.5	87.2	88.7	89	89.7	87.8007	2.32556	
1437648600 	1098	0.5	87	88.7	89	89.8	87.3318	5.25228	
1437649200 	1098	-69.1	84.4	88.6	89	89.7	77.1499	27.1101	
1437649800 	1098	-261.6	-136	8	88.6	89.7	-22.6189	111.164	
1437650400 	1098	-266.3	-139.7	-62.85	46.6	88.6	-53.2096	100.283	
1437651000 	1098	-37.6	83.9	87.9	88.6	89.4	77.004	23.3073	
1437651600 	1098	-363.5	-197.3	-81.15	58.5	89.5	-84.455	139.452	
1437652200 	1098	-386.2	-331.4	-302.75	-269.3	3.3621e-4932	-294.048	50.3602	
1437652800 	1098	-434	-368.5	-343.5	-312.5	3.3621e-4932	-335.72	44.5009	
1437653400 	1099	-447.3	-403.3	-382.4	-357.5	3.3621e-4932	-375.433	39.6135	
1437654000 	1099	-508.6	-446.5	-423.7	-398.4	3.3621e-4932	-419.042	39.3241	
1437654600 	1099	-640.9	-499.7	-463.8	-421.2	34.1	-440.649	121.029	
1437655200 	1099	-606.7	-521.6	-497.1	-469.4	3.3621e-4932	-495.829	44.2739	
1437655800 	1098	-751.7	-521	-146.85	-32.1	86.1	-255.343	250.341	
1437656400 	1098	-827.3	-504.4	-173.95	-71	86.1	-265.781	235.812	
1437657000 	1098	-765	-539.3	-372.8	-24.5	86.2	-295.821	266.657	
1437657600 	1098	-705.5	-498.6	-413.55	-306.2	85.4	-371.924	187.907	
1437658200 	1099	-654	-446.9	-377.2	-305	48.5	-371.093	109.451	
1437658800 	1099	-668.3	-392.7	-295.4	-158.2	84.9	-269.455	166.276	
1437659400 	1099	-525.5	-330	-235.2	-108.3	74.2	-225.903	136.367	
1437660000 	1099	-561.2	-218.5	-140.7	-87.3	67.8	-154.936	103.582	
1437660600 	1099	-518.7	-206.4	-166.4	-120	70.9	-163.207	73.8871	
1437661200 	1099	-411.4	-228.9	-191	-149.7	3.3621e-4932	-187.055	58.8993	
1437661800 	1099	-228.3	-166.4	-136.1	-98.2	34.1	-127.775	52.0214	
1437662400 	1098	-271.6	-179.9	-145.45	-111.2	7.2	-139.683	53.4638	
1437663000 	1098	-312.8	-190.3	-159	-120.1	56.1	-152.195	54.1926	
1437663600 	1098	-539	-152.6	-118.8	-77.8	66.2	-120.019	75.6186	
1437664200 	1098	-449.2	-215.7	-167.75	-115.1	30.9	-166.135	75.8925	
1437664800 	1099	-373.5	-169.8	-137.3	-101	23.7	-134.164	60.3521	
1437665400 	1099	-437.6	-195.3	-142.1	-90.2	81.8	-144.946	80.418	
1437666000 	1099	-390	-93.1	-52.1	-0.6	84.9	-50.1634	69.6327	
1437666600 	1099	-310.5	-161.8	-122	-74.3	78.5	-117.543	65.4043	
1437667200 	1099	-356.4	-159.9	-120.6	-73.2	80.8	-116.993	69.4678	
1437667800 	1099	-315.6	-165.1	-112.9	-64.6	77.3	-111.299	69.9175	
1437668400 	1099	-311.4	-161.9	-108.3	-53.2	80.9	-109.197	75.5019	
1437669000 	1099	-259.3	-125.3	-80.7	-32.4	84	-78.1307	65.7418	
1437669600 	1099	-346.5	-107	-52.4	2.7	85.2	-54.148	78.7005	
1437670200 	1099	-400.5	-140.6	-90.5	-41.4	81.6	-92.5567	75.4134	
1437670800 	1099	-376.2	-135.1	-79.5	-27.3	81.8	-85.1318	79.1375	
1437671400 	1099	-346.1	-102.8	-57.2	-13.3	83	-61.3073	70.4433	
1437672000 	1099	-390.1	-127.8	-77.5	-24.8	81.4	-77.4546	75.8929	
1437672600 	1099	-309	-118.8	-72.2	-25	81.7	-73.655	71.1219	
1437673200 	1099	-265.4	-115.4	-68.7	-14.5	81.5	-67.3699	71.1998	
1437673800 	1099	-236.6	-107.4	-60.6	-11.4	81.9	-60.9167	67.6672	
1437674400 	1099	-241.1	-111.7	-55	-9	81.9	-59.6787	70.204	
1437675000 	1099	-279.1	-101.9	-52.5	-3.3	81.9	-54.8383	70.9997	
1437675600 	1099	-298.6	-103.6	-52.6	-4	82	-53.6035	69.0956	
1437676200 	1099	-224.9	-92.7	-46.3	-2.2	81.8	-47.455	62.9849	
1437676800 	1099	-275.2	-94.1	-44.6	2.8	81.6	-48.6292	71.3666	
1437677400 	1099	-323.6	-95.3	-45	7.2	82.1	-47.4344	74.1979	
1437678000 	1098	-310	-84.6	-38.05	9	81.7	-42.389	72.2261	
1437678600 	1098	-237.1	-83.3	-36.15	11	81.7	-39.6312	68.7198	
1437679200 	1098	-138.7	-50.9	-9.5	42.8	85.9	-5.14126	57.1366	
1437679800 	1098	-136.9	-46.2	5.05	66.4	86.7	4.83379	61.0513	
1437680400 	1099	-144.3	-75.7	-38.4	17.2	85.3	-27.591	58.724	
1437681000 	1099	-231.1	-86.2	-41.1	8.3	82	-39.6655	64.3385	
1437681600 	1099	-320.8	-84.1	-35	16.2	82.1	-37.2196	69.681	
1437682200 	1099	-305.4	-12.2	57.9	84.2	86.9	27.7454	70.5277	
1437682800 	1099	-58.1	13	56.1	84.7	87	44.1754	41.9815	
1437683400 	1099	-181.3	-59	-5.6	59.3	87	-6.77489	67.5971	
1437684000 	1099	-202.2	-110.7	-77.4	-35	81.6	-71.1827	54.0905	
1437684600 	1099	-129.8	-71.8	-42.2	-10	82	-36.2995	46.1041	
1437685200 	1099	-139.8	-71.1	-41.5	-3.9	81.5	-31.5293	47.8634	
1437685800 	1099	-244.5	-77.8	-33.9	9.7	81.8	-33.57	59.9157	
1437686400 	1098	-244.5	-73.5	-28.8	15.9	82	-30.7109	63.3283	
1437687000 	1098	-264.5	-75.7	-28.45	20.1	81.8	-31.006	68.7971	
1437687600 	1099	-167.8	-70	-30.5	12.8	82	-28.5359	55.9756	
1437688200 	1097	-93	82.5	85.5	86.4	87.4	75.1954	31.1438	
1437688800 	1098	-18.9	82.3	86.4	86.9	87.7	77.2814	20.1755	
1437689400 	1099	4.8	82.9	86.7	87	87.7	81.9781	12.6949	
1437690000 	1099	-3.5	68.8	85.7	86.9	87.7	75.1432	19.752	
1437690600 	1099	-39.4	46.5	82.9	86.8	87.7	65.9559	29.0649	
1437691200 	1099	-46.2	22.9	49.5	84.6	87.6	46.5369	36.156	
1437691800 	1099	-38.8	34.4	69.6	86.5	87.6	56.4399	32.6763	
1437692400 	1099	-33.4	82.7	86.8	87.2	87.8	78.1183	20.6564	
1437693000 	1099	82.1	85.5	87	87.3	87.9	86.1624	1.70815	
1437693600 	1099	82	85.3	87	87.3	87.9	86.107	1.80227	
1437694200 	1099	74.5	85.6	87	87.3	88	86.1884	1.80914	
1437694800 	1098	64.1	86.1	87.15	87.6	89.9	86.5046	1.95762	
1437695400 	1098	84.7	90.1	92.3	93.8	94.8	91.8353	2.24037	
1437696000 	1098	88.8	92.3	93.8	94.1	94.8	92.981	1.74797	
1437696600 	1099	88.9	92.5	93.8	94.1	94.8	92.9959	1.77985	
1437697200 	1099	88.8	92.2	93.8	94.2	95	92.9856	1.78258	
1437697800 	1099	89	92.7	93.9	94.2	94.9	93.116	1.69371	
1437698400 	1099	89	92.7	93.9	94.2	94.9	93.0954	1.72602	
1437699000 	1099	89.1	92.9	93.9	94.2	94.9	93.1376	1.74037	
1437699600 	1099	88.9	92.4	94	94.3	95	93.0955	1.77397	
1437700200 	1099	88.9	92.2	93.9	94.3	94.9	93.0823	1.78701	
1437700800 	1099	89.1	92.4	94	94.3	94.9	93.1123	1.79946	
1437701400 	1098	89.1	92.5	94	94.3	95	93.1757	1.77076	
1437702000 	1098	89	92.8	94	94.3	95.2	93.1813	1.78473	
1437702600 	1098	89	93.5	94.1	94.4	95	93.308	1.72968	
1437703200 	1099	89.1	92.8	94.1	94.4	95.2	93.2808	1.73792	
1437703800 	1099	89.1	92.3	94.1	94.4	95.2	93.1813	1.82621	
1437704400 	1099	89.2	92.6	94.1	94.4	95.2	93.284	1.76072	
1437705000 	1099	89.2	92.6	94.2	94.5	95.1	93.3111	1.77762	
1437705600 	1099	89.1	92.8	94.2	94.5	95.2	93.3551	1.73281	
1437706200 	1099	89.3	93	94.2	94.5	95.2	93.3856	1.7472	
1437706800 	1099	89.2	92.1	94.2	94.5	95.3	93.2995	1.82519	
1437707400 	1099	89.1	92.4	94.2	94.5	95.3	93.3389	1.79205	
1437708000 	1099	89.3	93.4	94.2	94.6	95.3	93.5135	1.6882	
1437708600 	1099	89.4	92.9	94.2	94.5	95.2	93.4467	1.73647	
1437709200 	1099	89.4	93	94.3	94.6	95.4	93.4944	1.72315	
1437709800 	1099	89.5	92.7	94.3	94.6	95.3	93.4556	1.79447	
1437710400 	1099	89.3	92.9	94.3	94.6	95.3	93.523	1.72729	
1437711000 	1097	89.5	93.4	94.4	94.8	95.4	93.6149	1.75612	
1437711600 	1099	89.5	93.1	94.4	94.7	95.4	93.6051	1.72336	
1437712200 	1099	89.5	92.6	94.4	94.7	95.5	93.5348	1.78872	
1437712800 	1099	89.5	93.1	94.4	94.8	95.6	93.6873	1.70532	
1437713400 	1099	89.6	93.3	94.5	94.8	95.5	93.6931	1.74931	
1437714000 	1099	89.6	93	94.5	94.9	95.5	93.7212	1.77938	
1437714600 	1099	89.7	93.6	94.6	94.9	95.6	93.8556	1.70546	
1437715200 	1099	89.6	93.9	94.7	95	95.5	93.9536	1.67758	
1437715800 	1099	89.7	93.5	94.7	95	95.6	93.9141	1.71335	
1437716400 	1099	89.7	94	94.7	95.1	95.7	94.0393	1.64709	
1437717000 	1099	89.8	93.7	94.8	95.1	95.9	93.9773	1.76274	
1437717600 	1099	89.8	93.1	94.8	95.2	95.8	93.9486	1.79207	
1437718200 	1099	89.9	93.4	94.8	95.1	95.8	93.9822	1.77799	
1437718800 	1099	89.8	93.1	94.8	95.1	95.9	93.9404	1.7849	
1437719400 	1099	90	92.8	94.8	95.2	95.9	93.9668	1.80242	
1437720000 	1099	90.1	93.5	94.9	95.2	96	94.1222	1.73414	
1437720600 	1098	90.1	94	95	95.3	95.9	94.2312	1.69969	
1437721200 	1099	90.1	92.7	95	95.3	96	94.0638	1.82948	
1437721800 	1099	90	93.1	95	95.3	96	94.1227	1.82439	
1437722400 	1099	90.2	94.2	95.1	95.4	96.2	94.3522	1.68736	
1437723000 	1099	90.1	93.8	95.1	95.4	96	94.2864	1.76446	
1437723600 	1099	90.2	93.4	95.1	95.5	96.1	94.2756	1.78135	
1437724200 	1098	90.2	93.3	95.2	95.5	96.3	94.2794	1.80436	
1437724800 	1099	90.3	93.9	95.2	95.6	96.1	94.408	1.74653	
1437725400 	1099	90.3	94.3	95.2	95.5	96.1	94.4517	1.71356	
1437726000 	1099	90.2	94.3	95.2	95.5	96.2	94.4942	1.66857	
1437726600 	1099	90.2	94.2	95.3	95.6	96.3	94.4909	1.70703	
1437727200 	1099	90.4	93.7	95.3	95.6	96.2	94.4318	1.77291	
1437727800 	1099	90.4	93.5	95.3	95.6	96.2	94.416	1.78578	
1437728400 	1099	90.2	93.4	95.3	95.6	96.3	94.4004	1.78756	
1437729000 	1099	90.4	93.3	95.4	95.7	96.4	94.4614	1.80048	
1437729600 	1099	90.4	94.1	95.5	95.8	96.4	94.6581	1.75107	
1437730200 	1098	89.8	94.1	95.4	95.7	96.4	94.5245	1.7555	
1437730800 	1098	84	88.8	89.65	91.9	94.9	89.9452	2.49626	
1437731400 	1098	72.5	87.2	88.8	89.1	90.4	87.9101	1.84584	
1437732000 	1099	69.8	87.9	88.8	89.1	89.7	88.0201	1.81201	
1437732600 	1099	18	86.8	88.8	89.1	91.7	87.5646	4.31726	
1437733200 	1099	12.8	86.9	88.8	89.2	89.8	87.1809	5.69298	
1437733800 	1099	-8.6	84.1	88.3	89	90	77.7608	21.4549	
1437734400 	1099	-33.9	49	84.6	88.8	89.7	67.0347	29.5879	
1437735000 	1099	-44.7	25.8	49.1	87.8	89.7	49.6217	38.5271	
1437735600 	1099	-69.3	11.6	41.3	84.7	89.5	39.573	42.2162	
1437736200 	1099	-175.1	-51.8	-9.9	35.8	89.5	-7.78371	60.226	
1437736800 	1099	-198.5	-72	-38.3	0.5	88.9	-35.8036	58.4072	
1437737400 	1099	-166.2	-85.2	-56.4	-18	84.4	-48.8015	51.1642	
1437738000 	1099	-330.5	-111.5	-67.2	-38	77.8	-74.5885	66.5737	
1437738600 	1099	-185.3	-116.8	-87.9	-56.4	66.2	-81.4189	49.8375	
1437739200 	1099	-156.8	-72	-41.3	-1.6	87.5	-34.5387	49.9628	
1437739800 	1099	-142.4	-66.8	-42.8	0.4	87	-31.3407	49.2954	
1437740400 	1098	-136.2	-72.6	-43.15	-11	86	-37.927	46.6419	
1437741000 	1098	-177.7	-90.3	-55	-18.8	81.9	-51.3313	51.8265	
1437741600 	1098	-382.7	-252.6	-194.65	-131.1	19.5	-190.22	78.3513	
1437742200 	1099	-565.9	-413.1	-361.4	-264	3.3621e-4932	-347.468	95.5493	
1437742800 	1099	-295.6	-201.4	-174.8	-150.2	3.3621e-4932	-171.116	45.9304	
1437743400 	1099	-366.8	-263	-232.6	-186.9	3.3621e-4932	-225.169	54.2457	
1437744000 	1099	-249.8	-141	-107.1	-76.5	52.2	-106.526	54.9116	
1437744600 	1099	-194.7	-129	-105.8	-83	56.7	-99.6054	42.8611	
1437745200 	1099	-312.5	-181.5	-145.2	-105.7	20	-147.198	62.6467	
1437745800 	1098	-786.1	-466.7	-399.55	-324.4	3.3621e-4932	-402.228	92.4796	
1437746400 	1098	-802	-488.6	-379.35	-342	3.3621e-4932	-421.668	103.596	
1437747000 	1099	-382.3	-308.2	-289.4	-273.5	3.3621e-4932	-291.376	28.8028	
1437747600 	1099	-443.7	-337.1	-304.8	-280.9	3.3621e-4932	-311.652	43.7191	
1437748200 	1099	-511	-408.2	-386.3	-358.2	3.3621e-4932	-384.075	36.2842	
1437748800 	1099	-411.9	-355.7	-337.8	-309.1	3.3621e-4932	-328.667	37.482	
1437749400 	1099	-374.8	-316.8	-278.1	-227.8	3.3621e-4932	-263.431	64.3925	
1437750000 	1098	-257.5	-181.1	-161.8	-142.3	3.3621e-4932	-158.785	33.963	
1437750600 	1098	-322.7	-206.4	-174.3	-149.3	3.3621e-4932	-177.27	48.9567	
1437751200 	1098	-390.2	-246.4	-220.15	-202	3.3621e-4932	-226.02	38.1149	
1437751800 	1099	-469.2	-299.7	-234.9	-175.4	3.3621e-4932	-238.393	87.1673	
1437752400 	1099	-503.8	-273.4	-206.9	-149.2	0.9	-212.171	86.6217	
1437753000 	1099	-439.8	-257.7	-194.2	-138.3	69.8	-198.525	82.302	
1437753600 	1099	-445	-238.1	-176.5	-123.8	52.4	-182.44	81.0874	
1437754200 	1098	-377.4	-219	-165.25	-116.8	71.2	-166.762	72.1667	
1437754800 	1098	-415.6	-212.3	-156.05	-101	57.9	-157.942	80.7243	
1437755400 	1098	-354.5	-191.3	-135.1	-89	70.8	-138.65	76.1404	
1437756000 	1098	-357.3	-181.7	-129.1	-77.2	53.9	-130.378	73.8202	
1437756600 	1098	-406.5	-174.2	-122.45	-70.2	76.9	-121.092	74.3735	
1437757200 	1097	-294.7	-124	-78.2	-43.9	84.3	-83.4317	65.9495	
1437757800 	1099	-60.5	28.3	81.3	85.9	87.1	55.6451	37.3994	
1437758400 	1098	-124.3	-42.5	1.1	81.9	87.3	8.05492	62.0537	
1437759000 	1098	-133	-58.1	-34.7	5	84.9	-24.127	48.327	
1437759600 	1099	-124	-51.1	-27.1	6.4	85.5	-18.8944	45.7147	
1437760200 	1099	-92.4	-11	13.5	63.8	86.8	19.9874	44.62	
1437760800 	1099	-137.6	-56.8	-29.1	12.9	86.5	-20.5009	51.3417	
1437761400 	1099	-168	-104.6	-84.4	-56.3	71.9	-75.8673	44.276	
1437762000 	1099	-170	-115.8	-102.2	-78.1	81	-93.8792	34.2732	
1437762600 	1099	-164.6	-97.5	-75.5	-49.4	66.9	-70.3784	38.1286	
1437763200 	1099	-155.4	-77.2	-51.4	-25.8	82.4	-47.1638	43.0659	
1437763800 	1099	-242.7	-125.6	-94.6	-59.1	81.2	-90.0298	55.9522	
1437764400 	1099	-378.4	-136.3	-74.1	-16.2	81.9	-78.776	82.6161	
1437765000 	1099	-325.7	-128.5	-72.2	-24.2	81.7	-76.5032	74.3754	
1437765600 	1099	-236	-102.8	-69	-30.3	79.2	-64.1864	55.4274	
1437766200 	1099	-279.5	-113.1	-67.4	-18.8	81.4	-64.5143	65.4262	
1437766800 	1099	-282.9	-103.5	-65.6	-17.4	81.9	-62.7969	64.5506	
1437767400 	1099	-197.8	-104.4	-58.7	-13.1	82	-56.3548	62.8741	
1437768000 	1099	-258.9	-100	-44.9	4.7	82	-48.7791	70.6475	
1437768600 	1099	-216.8	-101.4	-53.1	-5	81.7	-52.8513	63.8348	
