1437358800 	1099	3829	3830	3830	3830	3831	3830.11	0.497197	
1437359400 	1099	3829	3831	3831	3831	3832	3830.8	0.574368	
1437360000 	1099	3829	3832	3833	3833	3834	3832.32	1.0285	
1437360600 	1099	3833	3834	3835	3835	3836	3834.52	0.574087	
1437361200 	1099	3832	3833	3835	3835	3836	3834.04	1.26524	
1437361800 	1099	3831	3833	3834	3835	3835	3833.94	1.03209	
1437362400 	1099	3834	3835	3836	3837	3837	3836.05	0.851668	
1437363000 	1099	3835	3836	3836	3837	3838	3836.41	0.78761	
1437363600 	1099	3830	3832	3834	3835	3836	3833.36	1.51534	
1437364200 	1099	3830	3830	3830	3831	3831	3830.47	0.499327	
1437364800 	1099	3829	3829	3830	3830	3831	3829.54	0.499952	
1437365400 	1099	3827	3828	3828	3828	3829	3828.16	0.536091	
1437366000 	1099	3824	3825	3827	3827	3828	3826.17	1.08614	
1437366600 	1099	3824	3824	3824	3824	3825	3824.18	0.388065	
1437367200 	1098	3820	3823	3824	3824	3825	3823.55	0.509671	
1437367800 	1097	3821	3822	3822	3823	3824	3822.4	0.500234	
1437368400 	1098	3818	3819	3821	3821	3822	3820.41	1.26316	
1437369000 	1098	3817	3818	3818	3818	3819	3818.1	0.359324	
1437369600 	1097	3817	3818	3818	3818	3819	3817.76	0.429514	
1437370200 	1098	3816	3817	3817	3817	3818	3817.06	0.239824	
1437370800 	1099	3814	3815	3816	3817	3818	3816.07	1.06669	
1437371400 	1099	3813	3814	3814	3814	3815	3814.13	0.349273	
1437372000 	1099	3814	3814	3814	3814	3815	3814.17	0.377358	
1437372600 	1099	3808	3814	3814	3814	3815	3814.02	0.262208	
1437373200 	1099	3811	3812	3814	3814	3814	3813.1	1.07912	
1437373800 	1099	3811	3811	3811	3812	3812	3811.36	0.479562	
1437374400 	1099	3810	3811	3812	3812	3812	3811.52	0.501503	
1437375000 	1099	3811	3811	3811	3811	3812	3811.21	0.409372	
1437375600 	1099	3808	3810	3811	3811	3812	3810.59	1.03552	
1437376200 	1099	3805	3809	3809	3809	3810	3808.98	0.220587	
1437376800 	1099	3809	3809	3809	3810	3810	3809.38	0.485247	
1437377400 	1099	3806	3807	3809	3810	3810	3808.67	1.21951	
1437378000 	1099	3805	3807	3807	3807	3808	3807.05	0.351563	
1437378600 	1099	3807	3808	3808	3808	3809	3807.89	0.317659	
1437379200 	1099	3801	3805	3807	3808	3808	3806.54	1.24413	
1437379800 	1098	3804	3805	3805	3806	3806	3805.42	0.494619	
1437380400 	1097	3805	3806	3806	3806	3807	3806.01	0.14781	
1437381000 	1098	3803	3804	3805	3806	3807	3805.08	0.8849	
1437381600 	1098	3804	3805	3805	3805	3806	3804.85	0.382808	
1437382200 	1099	3800	3805	3805	3805	3806	3805.15	0.397471	
1437382800 	1099	3802	3802	3803	3804	3805	3803.24	1.02203	
1437383400 	1099	3802	3803	3803	3803	3804	3802.95	0.351424	
1437384000 	1099	3802	3803	3803	3803	3804	3803	0.355637	
1437384600 	1099	3796	3800	3801	3801	3802	3800.74	0.63134	
1437385200 	1099	3801	3801	3801	3802	3802	3801.47	0.499125	
1437385800 	1099	3799	3801	3802	3802	3802	3801.43	0.777793	
1437386400 	1099	3799	3799	3799	3800	3800	3799.36	0.481396	
1437387000 	1099	3799	3800	3800	3801	3801	3800.34	0.486673	
1437387600 	1099	3796	3799	3800	3801	3801	3799.8	1.14934	
1437388200 	1099	3798	3798	3799	3799	3800	3798.75	0.455146	
1437388800 	1099	3798	3799	3800	3800	3800	3799.59	0.4929	
1437389400 	1099	3797	3797	3798	3799	3800	3798.13	0.997117	
1437390000 	1099	3797	3798	3798	3798	3799	3798	0.423359	
1437390600 	1098	3794	3798	3798	3799	3799	3798.4	0.615434	
1437391200 	1098	3795	3796	3796	3797	3798	3796.29	0.463813	
1437391800 	1098	3796	3797	3798	3798	3799	3797.69	0.508536	
1437392400 	1098	3795	3797	3798	3798	3799	3797.43	0.860465	
1437393000 	1099	3794	3796	3797	3797	3798	3796.62	0.570583	
1437393600 	1099	3796	3798	3798	3798	3799	3798.09	0.541255	
1437394200 	1099	3795	3796	3797	3798	3800	3797.06	1.13617	
1437394800 	1099	3795	3796	3797	3797	3798	3796.6	0.548488	
1437395400 	1099	3795	3797	3797	3798	3799	3797.42	0.568718	
1437396000 	1099	3790	3795	3795	3796	3797	3795.44	0.560258	
1437396600 	1099	3795	3796	3796	3796	3797	3796.16	0.485617	
1437397200 	1099	3792	3796	3797	3797	3798	3796.38	0.875828	
1437397800 	1099	3793	3795	3796	3796	3797	3795.61	0.702536	
1437398400 	1099	3796	3798	3798	3799	3800	3798.21	0.930244	
1437399000 	1099	3798	3799	3799	3800	3801	3799.28	0.552813	
1437399600 	1099	3798	3800	3801	3802	3803	3800.97	1.01431	
1437400200 	1099	3801	3803	3805	3806	3808	3804.57	1.71849	
1437400800 	1099	3802	3805	3805	3806	3808	3805.71	0.995168	
1437401400 	1099	3805	3806	3806	3806	3808	3806.06	0.610819	
1437402000 	1099	3804	3807	3808	3808	3809	3807.59	0.562063	
1437402600 	1099	3805	3806	3806	3807	3808	3806.44	0.804508	
1437403200 	1099	3804	3806	3806	3807	3808	3806.39	0.57197	
1437403800 	1099	3805	3807	3807	3808	3810	3807.32	0.745	
1437404400 	1099	3807	3808	3808	3808	3809	3807.93	0.42002	
1437405000 	1099	3808	3809	3810	3810	3811	3809.57	0.637019	
1437405600 	1099	3809	3811	3812	3812	3813	3811.36	0.746155	
1437406200 	1098	3808	3810	3810	3811	3812	3810.55	0.612656	
1437406800 	1098	3807	3812	3812	3812	3815	3812.2	0.806011	
1437407400 	1099	3812	3813	3814	3814	3816	3813.92	0.770414	
1437408000 	1099	3810	3812	3813	3815	3817	3813.41	2.04023	
1437408600 	1099	3815	3820	3820	3820	3822	3819.39	1.77946	
1437409200 	1098	3817	3821	3821	3821	3823	3820.91	0.496022	
1437409800 	1098	3819	3820	3821	3821	3823	3820.68	0.957463	
1437410400 	1098	3820	3822	3822	3823	3824	3822.17	0.648078	
1437411000 	1099	3822	3823	3824	3825	3826	3823.85	0.936425	
1437411600 	1099	3822	3824	3825	3825	3827	3824.77	1.03821	
1437412200 	1099	3825	3827	3827	3828	3830	3827.34	0.916457	
1437412800 	1099	3827	3828	3829	3829	3830	3828.56	0.60507	
1437413400 	1098	3825	3826	3826	3827	3830	3826.5	1.11477	
1437414000 	1098	3825	3826	3827	3827	3828	3826.67	0.537547	
1437414600 	1098	3823	3827	3827	3827	3828	3827.1	0.389494	
1437415200 	1098	3824	3825	3826	3827	3828	3826.02	1.08208	
1437415800 	1099	3824	3825	3826	3826	3827	3825.52	0.521165	
1437416400 	1099	3825	3826	3826	3826	3828	3825.97	0.486511	
1437417000 	1099	3822	3826	3826	3826	3827	3825.92	0.727383	
1437417600 	1099	3824	3825	3825	3825	3827	3825.14	0.53085	
1437418200 	1098	3825	3826	3827	3828	3829	3827.06	0.990161	
1437418800 	1098	3827	3829	3830	3830	3832	3829.67	0.893882	
1437419400 	1098	3826	3830	3830	3831	3832	3830.24	0.696076	
1437420000 	1099	3829	3831	3832	3833	3834	3832.03	0.85526	
1437420600 	1099	3830	3834	3834	3835	3836	3834.21	0.674416	
1437421200 	1099	3833	3834	3835	3835	3836	3834.53	0.732607	
1437421800 	1099	3832	3834	3834	3834	3835	3833.78	0.470793	
1437422400 	1099	3822	3835	3836	3837	3838	3835.85	1.8906	
1437423000 	1099	3837	3838	3839	3839	3841	3838.61	0.640026	
1437423600 	1098	3835	3838	3838	3839	3840	3838.32	0.574643	
1437424200 	1098	3836	3839	3839	3840	3841	3839.46	0.623693	
1437424800 	1098	3838	3840	3841	3841	3843	3840.61	0.800254	
1437425400 	1098	3837	3840	3840	3840	3841	3839.99	0.555556	
1437426000 	1098	3835	3838	3838	3838	3839	3837.91	0.476533	
1437426600 	1099	3837	3839	3839	3839	3840	3838.83	0.429944	
1437427200 	1099	3838	3839	3839	3839	3840	3839.16	0.390038	
1437427800 	1099	3835	3837	3839	3839	3840	3838.1	1.33334	
1437428400 	1098	3835	3836	3836	3837	3837	3836.44	0.499461	
1437429000 	1098	3835	3837	3837	3838	3840	3837.5	0.77206	
1437429600 	1099	3839	3845	3846	3847	3850	3845.68	2.37124	
1437430200 	1099	3840	3842	3842	3843	3845	3842.54	0.984494	
1437430800 	1099	3842	3843	3843	3844	3844	3843.14	0.743169	
1437431400 	1099	3844	3844	3845	3845	3846	3844.64	0.489996	
1437432000 	1099	3844	3845	3845	3846	3846	3845.39	0.562869	
1437432600 	1099	3842	3844	3844	3844	3846	3843.99	0.488176	
1437433200 	1099	3839	3843	3843	3844	3844	3843.47	0.517183	
1437433800 	1099	3842	3843	3843	3843	3844	3842.97	0.193823	
1437434400 	1099	3839	3841	3842	3843	3843	3841.86	1.10909	
1437435000 	1099	3839	3840	3840	3840	3841	3840.06	0.2495	
1437435600 	1098	3839	3840	3840	3840	3841	3839.87	0.345831	
1437436200 	1098	3834	3839	3839	3839	3840	3839.13	0.52868	
1437436800 	1099	3836	3837	3837	3838	3839	3837.54	0.627822	
1437437400 	1099	3836	3837	3838	3839	3841	3838.25	0.953743	
1437438000 	1099	3837	3837	3838	3838	3839	3837.73	0.504169	
1437438600 	1099	3836	3837	3837	3837	3838	3836.88	0.363446	
1437439200 	1099	3833	3834	3834	3835	3836	3834.36	0.655823	
1437439800 	1099	3834	3834	3834	3835	3838	3834.74	1.06271	
1437440400 	1099	3836	3838	3839	3839	3840	3838.76	0.835986	
1437441000 	1099	3840	3840	3841	3841	3842	3840.59	0.505004	
1437441600 	1099	3840	3840	3840	3840	3841	3840.24	0.429408	
1437442200 	1099	3840	3841	3841	3842	3842	3841.37	0.493347	
1437442800 	1097	3841	3842	3842	3842	3843	3841.95	0.233943	
1437443400 	1098	3839	3841	3842	3842	3843	3841.28	0.882163	
1437444000 	1098	3834	3839	3839	3840	3841	3839.35	0.515431	
1437444600 	1099	3839	3840	3840	3840	3841	3839.97	0.350076	
1437445200 	1099	3840	3840	3841	3841	3841	3840.58	0.494053	
1437445800 	1099	3837	3839	3840	3840	3841	3839.43	0.975635	
1437446400 	1099	3837	3838	3838	3838	3838	3837.78	0.413766	
1437447000 	1099	3835	3838	3838	3838	3839	3837.99	0.141298	
1437447600 	1099	3837	3838	3838	3838	3839	3838.02	0.269188	
1437448200 	1099	3832	3835	3836	3838	3839	3836.34	1.29895	
1437448800 	1099	3834	3834	3834	3835	3835	3834.31	0.462235	
1437449400 	1099	3834	3835	3835	3836	3836	3835.38	0.489866	
1437450000 	1099	3835	3836	3836	3836	3836	3835.86	0.347119	
1437450600 	1099	3832	3833	3833	3835	3836	3833.87	1.06184	
1437451200 	1099	3830	3833	3833	3833	3834	3833.22	0.428883	
1437451800 	1099	3833	3834	3834	3834	3834	3833.92	0.268569	
1437452400 	1099	3832	3833	3834	3834	3834	3833.7	0.50665	
1437453000 	1098	3830	3831	3831	3831	3833	3831.19	0.43345	
1437453600 	1098	3828	3831	3831	3831	3832	3831.06	0.259663	
1437454200 	1098	3831	3831	3832	3832	3832	3831.55	0.497392	
1437454800 	1099	3828	3830	3831	3832	3832	3830.74	1.16733	
1437455400 	1099	3828	3829	3829	3830	3830	3829.26	0.452565	
1437456000 	1099	3829	3830	3830	3831	3831	3830.28	0.465707	
1437456600 	1099	3826	3831	3831	3831	3832	3830.93	0.286409	
1437457200 	1099	3828	3828	3828	3830	3831	3828.81	1.00165	
1437457800 	1099	3828	3828	3828	3829	3829	3828.46	0.498207	
1437458400 	1099	3828	3829	3829	3829	3830	3829.03	0.227636	
1437459000 	1099	3826	3828	3829	3829	3830	3828.35	0.996593	
1437459600 	1099	3822	3826	3826	3826	3827	3825.95	0.254064	
1437460200 	1099	3826	3826	3826	3827	3827	3826.31	0.464449	
1437460800 	1099	3825	3827	3827	3827	3827	3826.76	0.43098	
1437461400 	1099	3824	3824	3824	3825	3827	3824.59	0.824446	
1437462000 	1099	3823	3824	3824	3825	3825	3824.39	0.491949	
1437462600 	1098	3824	3825	3825	3825	3826	3824.96	0.196839	
1437463200 	1098	3821	3823	3824	3825	3825	3823.91	1.16965	
1437463800 	1098	3818	3822	3822	3822	3823	3822.1	0.333557	
1437464400 	1098	3822	3823	3823	3823	3824	3822.84	0.372588	
1437465000 	1098	3822	3823	3823	3823	3824	3822.83	0.392514	
1437465600 	1099	3820	3821	3821	3821	3822	3820.95	0.499543	
1437466200 	1099	3820	3821	3821	3822	3822	3821.31	0.486346	
1437466800 	1099	3821	3822	3822	3822	3823	3821.98	0.169665	
1437467400 	1099	3819	3820	3820	3822	3823	3820.6	1.0258	
1437468000 	1099	3819	3820	3820	3820	3821	3819.79	0.439983	
1437468600 	1099	3820	3820	3820	3820	3821	3820.19	0.395987	
1437469200 	1099	3816	3818	3820	3820	3821	3819.28	0.964709	
1437469800 	1099	3817	3817	3817	3818	3818	3817.26	0.43926	
1437470400 	1099	3817	3818	3818	3818	3819	3817.92	0.362897	
1437471000 	1099	3817	3818	3818	3819	3819	3818.24	0.52477	
1437471600 	1099	3815	3816	3816	3816	3818	3816.23	0.448332	
1437472200 	1099	3813	3817	3817	3817	3818	3816.9	0.389776	
1437472800 	1099	3817	3817	3818	3818	3818	3817.53	0.499373	
1437473400 	1098	3815	3815	3815	3816	3818	3815.71	0.928724	
1437474000 	1098	3814	3815	3815	3816	3816	3815.48	0.501454	
1437474600 	1098	3809	3816	3816	3816	3817	3816.07	0.351054	
1437475200 	1098	3813	3814	3815	3816	3817	3814.83	0.937885	
1437475800 	1099	3813	3814	3814	3814	3815	3814.06	0.339274	
1437476400 	1099	3814	3815	3815	3815	3815	3814.88	0.328252	
1437477000 	1099	3812	3813	3814	3815	3816	3813.82	1.16715	
1437477600 	1099	3808	3812	3813	3813	3814	3812.67	0.504822	
1437478200 	1099	3813	3814	3814	3815	3815	3814.11	0.699233	
1437478800 	1099	3809	3815	3815	3816	3817	3815.35	0.59664	
1437479400 	1099	3814	3815	3816	3817	3818	3816.01	0.962381	
1437480000 	1099	3817	3818	3819	3819	3821	3818.64	0.884538	
1437480600 	1099	3819	3820	3821	3822	3824	3821.14	1.13773	
1437481200 	1099	3819	3820	3821	3821	3822	3820.64	0.561243	
1437481800 	1099	3820	3822	3822	3823	3824	3822.43	0.790122	
1437482400 	1098	3821	3822	3823	3823	3824	3822.73	0.462903	
1437483000 	1098	3819	3820	3821	3822	3823	3821.14	1.04227	
1437483600 	1099	3820	3821	3821	3821	3822	3821.08	0.613452	
1437484200 	1099	3821	3822	3822	3822	3823	3822.05	0.454418	
1437484800 	1099	3819	3821	3822	3822	3823	3821.35	0.910417	
1437485400 	1098	3818	3819	3819	3820	3821	3819.48	0.506681	
1437486000 	1099	3819	3820	3821	3821	3822	3820.59	0.515855	
1437486600 	1099	3820	3821	3822	3822	3823	3821.5	0.533442	
1437487200 	1099	3820	3821	3821	3822	3823	3821.22	0.741578	
1437487800 	1099	3821	3822	3822	3823	3824	3822.51	0.628909	
1437488400 	1099	3821	3824	3825	3825	3826	3824.64	0.598862	
1437489000 	1099	3822	3824	3824	3825	3826	3824.2	0.822198	
1437489600 	1099	3822	3823	3824	3824	3825	3823.66	0.495647	
1437490200 	1099	3823	3824	3824	3825	3826	3824.38	0.582778	
1437490800 	1099	3824	3825	3825	3826	3827	3825.36	0.533935	
1437491400 	1099	3822	3823	3823	3824	3825	3823.3	0.484613	
1437492000 	1098	3823	3824	3824	3825	3826	3824.36	0.522953	
1437492600 	1098	3823	3824	3824	3824	3826	3824.16	0.400895	
1437493200 	1098	3820	3822	3823	3824	3825	3822.69	1.20963	
1437493800 	1097	3820	3821	3821	3822	3823	3821.4	0.499151	
1437494400 	1098	3817	3822	3822	3822	3823	3821.93	0.36415	
1437495000 	1098	3820	3822	3822	3822	3823	3822.07	0.525589	
1437495600 	1099	3816	3820	3820	3821	3821	3820.43	0.514949	
1437496200 	1099	3820	3821	3821	3821	3822	3820.99	0.343696	
1437496800 	1099	3820	3821	3821	3822	3823	3821.41	0.516008	
1437497400 	1099	3815	3819	3820	3821	3822	3819.97	0.913363	
1437498000 	1099	3819	3820	3820	3820	3821	3819.86	0.467868	
1437498600 	1099	3816	3820	3820	3820	3821	3820.09	0.409663	
1437499200 	1098	3817	3818	3819	3820	3821	3818.73	1.20245	
1437499800 	1098	3817	3817	3818	3818	3819	3817.84	0.626628	
1437500400 	1098	3814	3819	3819	3820	3821	3819.41	0.529873	
1437501000 	1098	3817	3819	3819	3819	3820	3819.1	0.564411	
1437501600 	1099	3817	3818	3818	3818	3819	3818	0.371897	
1437502200 	1099	3818	3819	3819	3819	3820	3819.12	0.480428	
1437502800 	1099	3816	3819	3820	3820	3821	3819.72	0.491679	
1437503400 	1099	3817	3818	3818	3819	3820	3818.33	0.562265	
1437504000 	1099	3818	3819	3819	3819	3820	3818.94	0.471675	
1437504600 	1099	3819	3820	3820	3820	3821	3819.98	0.393993	
1437505200 	1098	3817	3818	3818	3820	3821	3818.6	1.08847	
1437505800 	1098	3817	3818	3819	3819	3820	3818.6	0.600894	
1437506400 	1098	3819	3820	3820	3820	3821	3820.03	0.332057	
1437507000 	1098	3818	3820	3820	3821	3822	3820.32	0.724558	
1437507600 	1099	3817	3820	3820	3820	3821	3819.97	0.539613	
1437508200 	1099	3819	3821	3822	3822	3822	3821.43	0.683314	
1437508800 	1099	3821	3822	3822	3822	3823	3822.05	0.293916	
1437509400 	1099	3816	3820	3820	3821	3822	3820.35	0.752386	
1437510000 	1099	3820	3821	3821	3821	3822	3820.89	0.42612	
1437510600 	1099	3821	3822	3822	3822	3823	3821.82	0.450423	
1437511200 	1099	3820	3821	3822	3823	3824	3822	0.831028	
1437511800 	1098	3820	3821	3822	3822	3823	3821.66	0.548194	
1437512400 	1097	3821	3823	3823	3823	3824	3823.02	0.567571	
1437513000 	1099	3822	3823	3823	3824	3824	3823.28	0.503057	
1437513600 	1099	3818	3821	3821	3822	3823	3821.26	0.478354	
1437514200 	1099	3821	3822	3822	3822	3823	3821.82	0.420406	
1437514800 	1099	3822	3822	3823	3823	3823	3822.58	0.492865	
1437515400 	1099	3819	3820	3821	3822	3823	3821.34	1.09664	
1437516000 	1099	3820	3820	3821	3821	3822	3820.63	0.486649	
1437516600 	1099	3820	3821	3822	3822	3823	3821.51	0.514264	
1437517200 	1099	3818	3822	3822	3822	3823	3821.83	0.437605	
1437517800 	1099	3819	3820	3820	3821	3822	3820.48	0.556571	
1437518400 	1098	3821	3822	3822	3823	3824	3822.39	0.744022	
1437519000 	1098	3823	3824	3825	3826	3826	3824.95	0.812988	
1437519600 	1098	3821	3825	3826	3826	3827	3825.96	0.721432	
1437520200 	1100	3825	3825	3826	3827	3828	3826	0.72174	
1437520800 	1099	3826	3827	3827	3828	3829	3827.53	0.575558	
1437521400 	1099	3827	3828	3828	3829	3830	3828.4	0.496977	
1437522000 	1099	3826	3827	3827	3828	3829	3827.41	0.778625	
1437522600 	1099	3826	3827	3827	3829	3830	3827.75	1.22202	
1437523200 	1099	3830	3831	3833	3833	3835	3832.35	1.30137	
1437523800 	1099	3834	3835	3836	3837	3838	3835.71	1.24901	
1437524400 	1099	3837	3838	3838	3838	3839	3837.8	0.41223	
1437525000 	1099	3838	3839	3840	3841	3843	3839.98	1.1188	
1437525600 	1099	3839	3841	3841	3841	3842	3841.08	0.436573	
1437526200 	1099	3840	3840	3840	3841	3841	3840.43	0.495258	
1437526800 	1099	3838	3839	3839	3840	3841	3839.25	0.819844	
1437527400 	1099	3838	3838	3839	3839	3839	3838.75	0.433667	
1437528000 	1098	3838	3839	3839	3839	3840	3838.98	0.23706	
1437528600 	1098	3838	3839	3839	3839	3840	3838.79	0.417376	
1437529200 	1098	3835	3836	3836	3838	3839	3836.79	0.997846	
1437529800 	1098	3834	3836	3836	3836	3837	3836.07	0.274042	
1437530400 	1099	3836	3836	3836	3836	3837	3836.21	0.409372	
1437531000 	1099	3834	3835	3836	3836	3837	3835.44	0.753956	
1437531600 	1099	3831	3832	3832	3833	3834	3832.32	0.718788	
1437532200 	1099	3830	3831	3831	3831	3832	3831.24	0.436252	
1437532800 	1099	3830	3830	3831	3831	3832	3830.75	0.43524	
1437533400 	1099	3826	3828	3830	3830	3831	3829.07	1.20332	
1437534000 	1099	3823	3826	3826	3827	3827	3826.27	0.453895	
1437534600 	1099	3825	3825	3826	3826	3826	3825.7	0.459165	
1437535200 	1099	3824	3825	3825	3825	3826	3825.04	0.306838	
1437535800 	1099	3821	3822	3822	3823	3825	3822.67	0.967516	
1437536400 	1099	3821	3822	3822	3822	3823	3822.01	0.221546	
1437537000 	1099	3822	3822	3823	3823	3824	3822.66	0.501125	
1437537600 	1099	3821	3823	3823	3824	3824	3823.25	0.728456	
1437538200 	1098	3819	3822	3822	3823	3824	3822.37	0.545002	
1437538800 	1097	3823	3824	3824	3824	3825	3823.99	0.518473	
1437539400 	1098	3824	3825	3825	3825	3826	3825.01	0.175819	
1437540000 	1098	3821	3823	3824	3825	3826	3823.85	0.998589	
1437540600 	1099	3822	3823	3823	3824	3824	3823.27	0.469523	
1437541200 	1099	3823	3824	3824	3824	3825	3824.05	0.303061	
1437541800 	1099	3820	3824	3824	3824	3825	3823.93	0.540462	
1437542400 	1099	3821	3821	3822	3822	3823	3821.55	0.529078	
1437543000 	1099	3821	3822	3822	3822	3823	3821.96	0.317153	
1437543600 	1099	3822	3822	3822	3822	3823	3822.2	0.397383	
1437544200 	1099	3819	3820	3821	3822	3823	3820.63	1.14229	
1437544800 	1099	3817	3820	3820	3820	3821	3819.91	0.324829	
1437545400 	1099	3820	3820	3820	3821	3821	3820.45	0.497799	
1437546000 	1099	3820	3821	3821	3821	3821	3820.86	0.34806	
1437546600 	1099	3817	3818	3819	3820	3821	3818.92	1.08906	
1437547200 	1099	3817	3818	3818	3818	3819	3818.09	0.290744	
1437547800 	1099	3815	3818	3818	3819	3819	3818.33	0.480163	
1437548400 	1099	3818	3818	3818	3819	3819	3818.27	0.444556	
1437549000 	1098	3812	3815	3815	3817	3819	3815.84	1.12236	
1437549600 	1098	3815	3815	3815	3815	3816	3815.17	0.372678	
1437550200 	1098	3815	3816	3816	3816	3816	3815.76	0.427901	
1437550800 	1098	3815	3816	3816	3816	3817	3815.91	0.338954	
1437551400 	1099	3812	3813	3813	3814	3815	3813.49	0.650162	
1437552000 	1099	3811	3814	3814	3814	3815	3813.9	0.320643	
1437552600 	1099	3813	3814	3814	3814	3815	3814.06	0.2495	
1437553200 	1099	3812	3813	3814	3814	3815	3813.66	0.644656	
1437553800 	1099	3811	3811	3811	3811	3812	3811.12	0.324023	
1437554400 	1099	3811	3811	3812	3812	3812	3811.66	0.472884	
1437555000 	1099	3811	3812	3812	3812	3813	3812.21	0.407072	
1437555600 	1099	3810	3811	3812	3812	3813	3811.53	1.04061	
1437556200 	1099	3808	3810	3810	3810	3811	3810.18	0.395037	
1437556800 	1099	3810	3811	3811	3811	3812	3810.95	0.274714	
1437557400 	1099	3811	3811	3811	3812	3812	3811.26	0.438265	
1437558000 	1099	3808	3808	3809	3810	3812	3809.43	1.14926	
1437558600 	1099	3808	3809	3809	3809	3810	3809.01	0.334266	
1437559200 	1099	3808	3809	3809	3810	3810	3809.44	0.498479	
1437559800 	1099	3808	3809	3809	3810	3810	3809.38	0.551114	
1437560400 	1097	3807	3807	3807	3808	3809	3807.38	0.49839	
1437561000 	1098	3807	3808	3808	3808	3809	3808.12	0.40192	
1437561600 	1098	3808	3809	3809	3809	3810	3808.76	0.428819	
1437562200 	1099	3805	3806	3806	3808	3809	3806.85	1.02482	
1437562800 	1099	3806	3807	3807	3807	3808	3807.03	0.504016	
1437563400 	1099	3805	3807	3808	3808	3809	3807.61	0.574793	
1437564000 	1099	3803	3805	3806	3807	3808	3806.19	1.07831	
1437564600 	1099	3804	3806	3806	3807	3808	3806.35	0.58305	
1437565200 	1099	3804	3807	3807	3808	3809	3807.29	0.679305	
1437565800 	1099	3806	3808	3808	3808	3809	3807.86	0.511005	
1437566400 	1098	3803	3806	3806	3807	3807	3806.29	0.491416	
1437567000 	1098	3806	3807	3808	3809	3810	3807.97	0.773507	
1437567600 	1097	3809	3810	3811	3811	3812	3810.62	0.929331	
1437568200 	1099	3811	3813	3813	3813	3814	3812.98	0.659249	
1437568800 	1099	3812	3814	3815	3815	3817	3814.52	1.10606	
1437569400 	1099	3814	3817	3818	3819	3821	3818.18	1.22569	
1437570000 	1099	3819	3821	3821	3822	3824	3821.11	0.875069	
1437570600 	1098	3821	3822	3823	3823	3824	3822.7	0.74071	
1437571200 	1099	3818	3822	3822	3823	3824	3822.07	0.77287	
1437571800 	1098	3821	3822	3823	3824	3825	3822.95	0.869565	
1437572400 	1098	3824	3827	3828	3829	3831	3827.57	1.6918	
1437573000 	1098	3828	3830	3831	3831	3832	3830.5	0.994749	
1437573600 	1098	3825	3829	3830	3830	3831	3829.53	0.787798	
1437574200 	1099	3830	3832	3832	3833	3834	3832.23	0.953117	
1437574800 	1099	3833	3834	3836	3837	3839	3835.68	1.76678	
1437575400 	1099	3838	3840	3841	3842	3843	3840.78	1.31086	
1437576000 	1099	3841	3843	3844	3845	3847	3843.69	1.31799	
1437576600 	1098	3843	3844	3845	3845	3846	3844.72	0.477005	
1437577200 	1098	3842	3845	3846	3847	3848	3845.79	0.990517	
1437577800 	1098	3846	3847	3848	3849	3851	3848.11	1.16715	
1437578400 	1098	3850	3851	3852	3852	3853	3851.65	0.967601	
1437579000 	1099	3851	3853	3854	3854	3855	3853.56	0.706911	
1437579600 	1099	3851	3855	3856	3856	3857	3855.76	0.84221	
1437580200 	1099	3856	3857	3857	3857	3858	3857.07	0.452216	
1437580800 	1099	3856	3857	3858	3858	3859	3857.39	0.765747	
1437581400 	1099	3855	3856	3856	3856	3857	3856.12	0.548878	
1437582000 	1099	3852	3855	3855	3855	3856	3855.22	0.442804	
1437582600 	1098	3854	3855	3855	3855	3856	3854.84	0.531665	
1437583200 	1098	3855	3856	3857	3857	3859	3856.7	0.806632	
1437583800 	1098	3857	3859	3860	3860	3861	3859.74	0.836583	
1437584400 	1098	3859	3860	3860	3860	3863	3860.06	0.484162	
1437585000 	1098	3859	3860	3861	3861	3862	3860.66	0.632029	
1437585600 	1099	3860	3862	3863	3864	3865	3862.62	1.13911	
1437586200 	1099	3863	3864	3865	3866	3868	3865.39	1.09289	
1437586800 	1099	3866	3867	3868	3868	3869	3867.67	0.675438	
1437587400 	1099	3867	3869	3870	3871	3872	3869.73	1.16491	
1437588000 	1099	3871	3872	3873	3873	3874	3872.6	0.937558	
1437588600 	1099	3871	3872	3872	3872	3873	3872.05	0.402139	
1437589200 	1099	3870	3872	3872	3873	3875	3872.37	0.890138	
1437589800 	1099	3873	3874	3875	3875	3877	3874.78	0.875961	
1437590400 	1099	3872	3873	3874	3874	3876	3873.86	0.637451	
1437591000 	1099	3872	3874	3874	3875	3876	3874.28	0.478766	
1437591600 	1099	3873	3873	3874	3874	3875	3873.71	0.483806	
1437592200 	1099	3870	3873	3874	3874	3875	3873.57	0.510763	
1437592800 	1099	3872	3873	3873	3874	3874	3873.33	0.477054	
1437593400 	1099	3872	3873	3873	3873	3874	3872.83	0.42715	
1437594000 	1099	3871	3873	3873	3873	3874	3873.18	0.51227	
1437594600 	1099	3871	3873	3873	3873	3874	3873.02	0.489847	
1437595200 	1098	3871	3872	3873	3873	3875	3872.79	0.916099	
1437595800 	1098	3874	3875	3875	3876	3877	3875.34	0.691845	
1437596400 	1098	3872	3874	3875	3875	3877	3874.62	1.06895	
1437597000 	1098	3875	3877	3878	3879	3880	3878.04	1.0655	
1437597600 	1098	3878	3879	3880	3880	3881	3879.63	0.54918	
1437598200 	1098	3878	3880	3880	3881	3882	3880.32	0.717551	
1437598800 	1099	3880	3881	3881	3881	3882	3881.06	0.45862	
1437599400 	1099	3880	3881	3882	3882	3883	3881.59	0.652758	
1437600000 	1099	3877	3878	3879	3879	3881	3878.87	0.72102	
1437600600 	1099	3879	3880	3881	3881	3882	3880.63	0.527454	
1437601200 	1099	3878	3879	3880	3881	3882	3880.15	0.862486	
1437601800 	1099	3878	3879	3879	3879	3880	3878.94	0.378917	
1437602400 	1099	3877	3878	3879	3879	3880	3878.54	0.563734	
1437603000 	1099	3876	3878	3878	3878	3879	3877.87	0.604542	
1437603600 	1099	3876	3877	3877	3877	3878	3877.09	0.373867	
1437604200 	1099	3872	3875	3875	3876	3877	3875.61	0.78608	
1437604800 	1099	3873	3874	3874	3874	3875	3873.91	0.513829	
1437605400 	1097	3868	3869	3869	3870	3873	3869.43	1.27118	
1437606000 	1099	3869	3869	3870	3870	3872	3869.72	0.738264	
1437606600 	1099	3869	3871	3871	3872	3873	3871.25	0.550178	
1437607200 	1099	3869	3872	3872	3872	3873	3871.93	0.599108	
1437607800 	1099	3872	3873	3873	3874	3875	3873.26	0.788667	
1437608400 	1099	3868	3869	3870	3873	3875	3871.04	2.09334	
1437609000 	1099	3869	3870	3870	3870	3870	3869.78	0.413147	
1437609600 	1099	3867	3869	3869	3869	3870	3869.17	0.383746	
1437610200 	1099	3868	3869	3869	3869	3870	3868.82	0.395037	
1437610800 	1099	3863	3865	3865	3868	3869	3866.2	1.65477	
1437611400 	1097	3863	3865	3866	3867	3868	3865.75	1.04067	
1437612000 	1098	3867	3868	3868.5	3870	3870	3868.58	1.04837	
1437612600 	1099	3868	3870	3870	3870	3871	3870.04	0.480819	
1437613200 	1099	3869	3870	3870	3871	3872	3870.17	0.785353	
1437613800 	1099	3871	3872	3873	3873	3874	3872.87	0.82038	
1437614400 	1099	3873	3875	3875	3876	3877	3875.16	0.781061	
1437615000 	1099	3875	3876	3877	3877	3878	3876.73	0.595212	
1437615600 	1099	3873	3874	3874	3876	3878	3874.8	1.53104	
1437616200 	1099	3874	3875	3876	3876	3877	3875.56	0.61465	
1437616800 	1099	3876	3877	3877	3877	3877	3876.78	0.416212	
1437617400 	1099	3874	3877	3877	3877	3878	3876.83	0.461954	
1437618000 	1099	3873	3875	3875	3876	3877	3875.33	0.768331	
1437618600 	1098	3870	3872	3872	3872	3873	3871.82	0.505739	
1437619200 	1098	3871	3873	3873	3874	3874	3873.14	0.750907	
1437619800 	1098	3873	3876	3876	3876	3878	3875.85	0.795937	
1437620400 	1099	3872	3875	3876	3876	3876	3875.46	0.883118	
1437621000 	1099	3832	3871	3872	3872	3873	3871.74	1.29395	
1437621600 	1099	3869	3871	3871	3871	3872	3871.18	0.412547	
1437622200 	1099	3871	3872	3872	3872	3872	3871.81	0.395284	
1437622800 	1099	3866	3870	3871	3872	3872	3870.46	1.65896	
1437623400 	1099	3863	3864	3864	3865	3866	3864.21	0.839139	
1437624000 	1099	3860	3861	3862	3863	3864	3861.96	0.842406	
1437624600 	1099	3858	3859	3859	3860	3861	3859.54	0.689812	
1437625200 	1099	3854	3857	3858	3858	3859	3857.4	1.18354	
1437625800 	1099	3851	3853	3853	3853	3855	3853.09	0.520389	
1437626400 	1099	3850	3851	3852	3852	3853	3851.62	0.561727	
1437627000 	1099	3846	3849	3850	3850	3851	3849.8	0.663048	
1437627600 	1099	3844	3847	3848	3848	3849	3847.37	1.06649	
1437628200 	1098	3843	3843	3843	3844	3845	3843.45	0.529055	
1437628800 	1098	3841	3842	3842.5	3843	3844	3842.5	0.507213	
1437629400 	1099	3840	3841	3841	3841	3842	3840.95	0.538126	
1437630000 	1099	3837	3839	3840	3840	3841	3839.45	0.796101	
1437630600 	1099	3835	3836	3836	3836	3838	3836.21	0.427394	
1437631200 	1099	3833	3836	3836	3836	3837	3835.83	0.44249	
1437631800 	1099	3834	3835	3835	3835	3836	3834.98	0.487772	
1437632400 	1099	3831	3833	3834	3834	3835	3833.6	0.682042	
1437633000 	1099	3830	3830	3831	3831	3832	3830.79	0.511795	
1437633600 	1099	3826	3830	3830	3830	3831	3830.16	0.398465	
1437634200 	1099	3828	3829	3829	3830	3830	3829.29	0.455884	
1437634800 	1099	3826	3828	3828	3829	3829	3828.23	0.750109	
1437635400 	1099	3825	3825	3826	3826	3827	3825.66	0.541015	
1437636000 	1099	3825	3825	3826	3826	3826	3825.68	0.466588	
1437636600 	1099	3824	3825	3825	3825	3826	3825.07	0.266667	
1437637200 	1099	3823	3824	3824	3825	3825	3824.37	0.684066	
1437637800 	1098	3818	3821	3822	3822	3823	3821.74	0.566681	
1437638400 	1098	3821	3821	3821	3822	3822	3821.35	0.478016	
1437639000 	1098	3820	3820	3821	3821	3822	3820.65	0.47879	
1437639600 	1098	3817	3817	3818	3819	3821	3818.33	1.21604	
1437640200 	1099	3816	3817	3817	3817	3818	3816.97	0.185668	
1437640800 	1099	3815	3817	3817	3817	3817	3816.88	0.325756	
1437641400 	1099	3814	3816	3816	3816	3817	3816.04	0.664305	
1437642000 	1099	3813	3814	3814	3814	3815	3814.06	0.251681	
1437642600 	1099	3813	3814	3814	3814	3814	3813.95	0.214243	
1437643200 	1099	3812	3813	3813	3814	3814	3813.31	0.462688	
1437643800 	1099	3809	3811	3811	3812	3814	3811.63	0.830356	
1437644400 	1099	3810	3811	3811	3811	3811	3810.78	0.411273	
1437645000 	1099	3810	3810	3810	3811	3811	3810.34	0.473506	
1437645600 	1099	3808	3809	3809	3810	3811	3809.29	0.851312	
1437646200 	1099	3804	3808	3808	3808	3809	3808.02	0.21252	
1437646800 	1099	3808	3808	3808	3809	3809	3808.26	0.438265	
1437647400 	1099	3806	3808	3808	3808	3809	3807.84	0.512315	
1437648000 	1099	3805	3806	3806	3806	3807	3806.04	0.22737	
1437648600 	1098	3805	3806	3806	3806	3807	3806.02	0.157925	
1437649200 	1098	3801	3806	3806	3806	3807	3805.82	0.431253	
1437649800 	1098	3800	3803	3803	3804	3805	3803.43	0.850886	
1437650400 	1098	3801	3803	3803	3804	3805	3803.19	0.633907	
1437651000 	1098	3803	3803	3804	3804	3804	3803.58	0.493236	
1437651600 	1098	3799	3801	3801	3802	3803	3801.26	0.863669	
1437652200 	1098	3799	3801	3801	3801	3802	3800.91	0.355191	
1437652800 	1098	3798	3801	3801	3801	3802	3801.07	0.315109	
1437653400 	1099	3798	3799	3799	3800	3802	3799.5	0.780068	
1437654000 	1099	3798	3799	3799	3799	3800	3799.16	0.370836	
1437654600 	1099	3799	3799	3800	3800	3801	3799.65	0.512818	
1437655200 	1099	3795	3798	3798	3799	3800	3798.31	0.522176	
1437655800 	1098	3798	3800	3801	3802	3803	3800.71	1.07445	
1437656400 	1098	3801	3802	3803	3804	3805	3802.83	0.913603	
1437657000 	1098	3800	3802	3803	3803	3805	3802.49	0.859114	
1437657600 	1098	3803	3804	3805	3805	3807	3804.69	0.881451	
1437658200 	1099	3805	3806	3806	3806	3807	3806.12	0.478778	
1437658800 	1099	3804	3805	3805	3806	3807	3805.48	0.588107	
1437659400 	1099	3806	3807	3807	3808	3809	3807.58	0.949893	
1437660000 	1099	3807	3809	3809	3809	3810	3809.04	0.463635	
1437660600 	1099	3807	3808	3808	3809	3810	3808.31	0.52043	
1437661200 	1099	3807	3809	3809	3810	3811	3809.3	0.6247	
1437661800 	1099	3809	3811	3811	3812	3813	3811.41	0.732082	
1437662400 	1098	3810	3811	3812	3812	3813	3811.84	0.735385	
1437663000 	1098	3813	3816	3817	3819	3821	3817.13	2.21177	
1437663600 	1098	3820	3822	3823	3824	3826	3823.02	1.28903	
1437664200 	1098	3824	3826	3827	3827	3828	3826.77	0.813235	
1437664800 	1099	3825	3828	3829	3830	3832	3829.3	1.2744	
1437665400 	1099	3830	3832	3834	3835	3836	3833.39	1.53764	
1437666000 	1099	3835	3836	3837	3837	3839	3836.74	0.837012	
1437666600 	1099	3836	3837	3838	3839	3840	3837.99	0.949003	
1437667200 	1099	3837	3839	3840	3841	3843	3840.16	1.24049	
1437667800 	1099	3842	3843	3843	3843	3844	3842.96	0.485284	
1437668400 	1099	3841	3843	3844	3845	3846	3843.95	1.02148	
1437669000 	1099	3841	3842	3843	3843	3845	3842.72	0.987175	
1437669600 	1099	3843	3844	3845	3845	3846	3844.83	0.597125	
1437670200 	1099	3844	3846	3847	3847	3848	3846.63	0.729931	
1437670800 	1099	3841	3843	3844	3845	3848	3844.24	1.44856	
1437671400 	1099	3841	3843	3843	3843	3844	3842.94	0.394073	
1437672000 	1099	3840	3843	3843	3844	3845	3843.43	0.550456	
1437672600 	1099	3840	3844	3844	3844	3845	3843.61	0.826824	
1437673200 	1099	3838	3841	3841	3841	3842	3840.85	0.535123	
1437673800 	1099	3841	3842	3842	3842	3843	3841.92	0.498652	
1437674400 	1099	3841	3842	3842	3843	3843	3842.42	0.495749	
1437675000 	1099	3838	3842	3842	3842	3843	3841.86	0.913352	
1437675600 	1099	3838	3838	3839	3839	3840	3838.76	0.50441	
1437676200 	1099	3838	3840	3841	3843	3844	3841.15	1.51177	
1437676800 	1099	3843	3845	3846	3847	3848	3845.63	1.15654	
1437677400 	1099	3846	3848	3848	3849	3851	3848.36	0.931645	
1437678000 	1098	3843	3847	3848	3848	3850	3847.63	1.15681	
1437678600 	1098	3849	3850	3850	3851	3852	3850.45	0.735654	
1437679200 	1098	3850	3851	3852	3852	3853	3851.77	0.651311	
1437679800 	1098	3847	3849	3850	3851	3851	3850.04	0.971036	
1437680400 	1099	3847	3850	3850	3851	3853	3850.53	1.18367	
1437681000 	1099	3852	3853	3854	3855	3856	3853.99	0.771365	
1437681600 	1099	3854	3856	3856	3857	3859	3856.39	0.844008	
1437682200 	1099	3856	3858	3859	3859	3860	3858.64	0.947825	
1437682800 	1099	3855	3857	3857	3858	3859	3857.23	0.910875	
1437683400 	1099	3857	3859	3859	3860	3861	3859.47	0.687837	
1437684000 	1099	3858	3859	3859	3860	3861	3859.35	0.703055	
1437684600 	1099	3856	3859	3860	3860	3861	3859.46	0.999901	
1437685200 	1099	3853	3856	3856	3856	3857	3855.79	0.599325	
1437685800 	1099	3853	3856	3857	3857	3858	3856.57	0.767531	
1437686400 	1098	3857	3858	3858	3859	3860	3858.38	0.590872	
1437687000 	1098	3858	3859	3859	3860	3861	3859.36	0.682317	
1437687600 	1099	3857	3858	3859	3860	3861	3858.89	0.845754	
1437688200 	1097	3860	3861	3861	3861	3862	3861.03	0.56065	
1437688800 	1098	3861	3862	3862	3862	3863	3861.97	0.480291	
1437689400 	1099	3858	3860	3862	3863	3864	3861.76	1.70545	
1437690000 	1099	3856	3858	3858	3858	3859	3857.79	0.57196	
1437690600 	1099	3856	3858	3859	3860	3861	3858.96	1.03238	
1437691200 	1099	3860	3861	3862	3862	3863	3861.75	0.730019	
1437691800 	1099	3859	3862	3863	3863	3864	3862.32	0.89815	
1437692400 	1099	3859	3860	3861	3861	3862	3860.49	0.765905	
1437693000 	1099	3859	3860	3860	3860	3861	3860.06	0.328247	
1437693600 	1099	3858	3859	3859	3860	3860	3859.32	0.466764	
1437694200 	1099	3855	3858	3859	3859	3860	3858.44	1.00084	
1437694800 	1098	3853	3854	3855	3855	3856	3854.91	0.702924	
1437695400 	1098	3855	3856	3856	3856	3857	3856.12	0.364813	
1437696000 	1098	3852	3856	3856	3856	3857	3856.02	0.240871	
1437696600 	1099	3854	3856	3856	3856	3857	3855.83	0.618584	
1437697200 	1099	3854	3855	3856	3858	3859	3856.47	1.50281	
1437697800 	1099	3859	3860	3861	3862	3863	3860.91	1.1705	
1437698400 	1099	3863	3864	3864	3865	3866	3864.26	0.827489	
1437699000 	1099	3863	3865	3866	3866	3866	3865.36	0.887925	
1437699600 	1099	3862	3862	3863	3864	3865	3863.1	0.772236	
1437700200 	1099	3864	3865	3865	3866	3867	3865.29	0.646722	
1437700800 	1099	3865	3866	3867	3867	3868	3866.52	0.503403	
1437701400 	1098	3864	3867	3867	3867	3868	3866.67	0.783482	
1437702000 	1098	3863	3863	3864	3864	3866	3863.87	0.682897	
1437702600 	1098	3864	3865	3866	3866	3867	3865.9	0.759251	
1437703200 	1099	3866	3867	3867	3867	3868	3866.94	0.292883	
1437703800 	1099	3864	3867	3867	3867	3868	3866.71	0.635903	
1437704400 	1099	3861	3862	3863	3863	3864	3862.8	0.700279	
1437705000 	1099	3862	3864	3864	3865	3866	3864.45	0.536262	
1437705600 	1099	3865	3866	3866	3867	3867	3866.26	0.556169	
1437706200 	1099	3859	3866	3867	3867	3867	3866.41	1.02807	
1437706800 	1099	3861	3862	3863	3864	3864	3863	0.723323	
1437707400 	1099	3864	3864	3865	3865	3866	3864.7	0.607279	
1437708000 	1099	3865	3866	3866	3866	3867	3865.88	0.329187	
1437708600 	1099	3861	3864	3866	3866	3867	3865.11	1.57876	
1437709200 	1099	3860	3863	3863	3864	3864	3863.04	0.719745	
1437709800 	1099	3863	3864	3864	3865	3866	3864.43	0.502173	
1437710400 	1099	3862	3864	3865	3865	3866	3864.57	1.1286	
1437711000 	1097	3860	3862	3862	3863	3864	3862.4	0.640689	
1437711600 	1099	3862	3863	3863	3863	3864	3863.18	0.426172	
1437712200 	1099	3857	3862	3864	3864	3865	3862.49	2.27273	
1437712800 	1099	3854	3855	3855	3856	3858	3855.46	0.963717	
1437713400 	1099	3850	3853	3854	3854	3855	3853.69	0.554296	
1437714000 	1099	3847	3850	3852	3853	3854	3851.37	1.90589	
1437714600 	1099	3846	3848	3848	3848	3848	3847.77	0.423701	
1437715200 	1099	3846	3846	3847	3847	3848	3846.71	0.477335	
1437715800 	1099	3840	3841	3841	3844	3846	3842.38	1.78513	
1437716400 	1099	3840	3841	3841	3841	3842	3840.86	0.358365	
1437717000 	1099	3838	3839	3840	3840	3841	3839.54	0.5983	
1437717600 	1099	3831	3835	3835	3836	3838	3835.48	1.04063	
1437718200 	1099	3834	3834	3834	3835	3835	3834.34	0.475024	
1437718800 	1099	3832	3834	3834	3834	3835	3833.9	0.442701	
1437719400 	1099	3830	3830	3831	3831	3833	3830.8	0.8171	
1437720000 	1099	3829	3830	3830	3830	3831	3829.95	0.236635	
1437720600 	1098	3826	3826	3827	3828	3830	3827.15	0.983888	
1437721200 	1099	3825	3826	3826	3826	3827	3826.01	0.197551	
1437721800 	1099	3822	3823	3824	3826	3826	3824.15	1.49412	
1437722400 	1099	3821	3822	3822	3822	3823	3821.87	0.339501	
1437723000 	1099	3819	3821	3821	3822	3822	3821.01	0.950057	
1437723600 	1099	3818	3819	3819	3819	3820	3818.97	0.168441	
1437724200 	1098	3818	3819	3819	3819	3820	3818.98	0.169066	
1437724800 	1099	3813	3816	3816	3817	3819	3816.54	0.844255	
1437725400 	1099	3815	3816	3816	3816	3817	3815.88	0.331295	
1437726000 	1099	3812	3813	3814	3815	3817	3814.25	1.16464	
1437726600 	1099	3812	3813	3813	3813	3814	3813.14	0.349731	
1437727200 	1099	3810	3811	3812	3813	3814	3812.13	1.09528	
1437727800 	1099	3808	3811	3811	3811	3812	3811.04	0.237661	
1437728400 	1099	3809	3810	3811	3811	3812	3810.56	0.758469	
1437729000 	1099	3807	3809	3809	3809	3810	3808.82	0.386009	
1437729600 	1099	3806	3808	3809	3809	3809	3808.54	0.674976	
1437730200 	1098	3806	3807	3807	3807	3808	3806.93	0.276387	
1437730800 	1098	3805	3806	3807	3807	3808	3806.61	0.681708	
1437731400 	1098	3804	3805	3805	3805	3806	3804.93	0.279213	
1437732000 	1099	3802	3804	3805	3805	3806	3804.4	0.768011	
1437732600 	1099	3802	3803	3803	3803	3804	3803.1	0.304335	
1437733200 	1099	3801	3802	3803	3803	3804	3802.44	0.89961	
1437733800 	1099	3801	3801	3801	3801	3802	3801.25	0.433144	
1437734400 	1099	3800	3801	3802	3802	3803	3801.56	0.670602	
1437735000 	1099	3799	3800	3800	3800	3801	3799.97	0.255973	
1437735600 	1099	3798	3799	3800	3800	3801	3799.89	0.658126	
1437736200 	1099	3797	3798	3799	3799	3799	3798.72	0.454941	
1437736800 	1099	3796	3797	3798	3799	3800	3797.99	0.97737	
1437737400 	1099	3794	3797	3797	3797	3798	3797.02	0.440639	
1437738000 	1099	3794	3796	3797	3797	3798	3796.51	1.05305	
1437738600 	1099	3793	3795	3796	3796	3797	3795.61	0.54034	
1437739200 	1099	3795	3796	3797	3797	3798	3796.63	0.492226	
1437739800 	1099	3796	3798	3799	3799	3800	3798.41	1.02646	
1437740400 	1098	3799	3800	3800	3800	3801	3800.06	0.593425	
1437741000 	1098	3799	3800	3801	3801	3802	3800.77	0.805967	
1437741600 	1098	3800	3802	3802	3802	3803	3802.04	0.436776	
1437742200 	1099	3798	3801	3801	3801	3802	3801.2	0.458028	
1437742800 	1099	3801	3802	3802	3802	3803	3802.22	0.414104	
1437743400 	1099	3800	3801	3801	3802	3803	3801.27	0.765112	
1437744000 	1099	3800	3801	3801	3802	3802	3801.47	0.513553	
1437744600 	1099	3799	3800	3801	3801	3803	3800.67	0.744468	
1437745200 	1099	3799	3800	3801	3801	3802	3800.66	0.47893	
1437745800 	1098	3798	3799	3800	3801	3801	3800.15	0.876845	
1437746400 	1098	3798	3800	3800	3801	3802	3800.31	0.831472	
1437747000 	1099	3801	3802	3802	3802	3803	3801.92	0.380309	
1437747600 	1099	3800	3801	3801	3802	3803	3801.49	0.898245	
1437748200 	1099	3798	3801	3801	3801	3802	3801.09	0.367167	
1437748800 	1099	3799	3800	3801	3802	3802	3801.17	0.84991	
1437749400 	1099	3799	3800	3801	3801	3802	3800.7	0.611454	
1437750000 	1098	3800	3801	3802	3802	3803	3801.68	0.494575	
1437750600 	1098	3799	3800	3800	3801	3801	3800.34	0.474286	
1437751200 	1098	3798	3801	3801	3802	3802	3801.36	0.524985	
1437751800 	1099	3799	3800	3800	3801	3802	3800.37	0.598566	
1437752400 	1099	3800	3801	3802	3803	3804	3802.15	0.941472	
1437753000 	1099	3803	3803	3804	3804	3805	3803.9	0.627683	
1437753600 	1099	3803	3804	3805	3806	3807	3804.95	0.996421	
1437754200 	1098	3806	3807	3808	3809	3810	3807.95	0.782219	
1437754800 	1098	3808	3810	3810	3810	3811	3809.96	0.582371	
1437755400 	1098	3808	3809	3809	3810	3811	3809.37	0.956628	
1437756000 	1098	3809	3810	3810	3810	3812	3810.02	0.75122	
1437756600 	1098	3811	3813	3814.5	3816	3817	3814.52	1.54479	
1437757200 	1097	3817	3817	3818	3818	3819	3817.8	0.513518	
1437757800 	1099	3815	3818	3819	3821	3822	3819.26	1.69677	
1437758400 	1098	3822	3823	3824	3825	3826	3823.74	1.14538	
1437759000 	1098	3825	3827	3829	3830	3831	3828.41	1.68733	
1437759600 	1099	3830	3831	3831	3831	3833	3831.12	0.492809	
1437760200 	1099	3832	3833	3833	3834	3834	3833.29	0.634771	
1437760800 	1099	3832	3834	3834	3835	3836	3834.41	0.505317	
1437761400 	1099	3795	3835	3836	3836	3837	3835.53	1.80734	
1437762000 	1099	3834	3835	3835	3835	3836	3834.9	0.490661	
1437762600 	1099	3834	3835	3836	3837	3838	3836.3	1.01656	
1437763200 	1099	3837	3839	3839	3840	3841	3839.13	0.773815	
1437763800 	1099	3799	3840	3841	3842	3842	3840.81	2.18357	
1437764400 	1099	3791	3839	3840	3840	3842	3839.72	2.76299	
1437765000 	1099	3818	3841	3842	3842	3843	3841.75	1.04153	
1437765600 	1099	3841	3843	3844	3844	3845	3843.63	0.510608	
1437766200 	1099	3842	3843	3844	3844	3845	3843.65	0.738778	
1437766800 	1099	3840	3841	3841	3842	3843	3841.44	0.537331	
1437767400 	1099	3797	3842	3842	3843	3843	3842.32	1.45075	
1437768000 	1099	3842	3843	3843	3844	3845	3843.37	0.581808	
1437768600 	1099	3815	3844	3844	3844	3845	3843.76	1.03163	
1437769200 	1099	3840	3841	3841	3842	3843	3841.39	0.626629	
1437769800 	1099	3840	3842	3842	3842	3843	3842.2	0.439165	
1437770400 	1099	3841	3842	3842	3843	3844	3842.42	0.778243	
1437771000 	1099	3844	3844	3845	3846	3847	3845.01	0.757112	
1437771600 	1099	3843	3844	3845	3845	3846	3844.46	0.633538	
1437772200 	1098	3813	3846	3846	3847	3848	3846.4	1.35859	
1437772800 	1098	3847	3849	3849	3850	3851	3849.24	0.742953	
1437773400 	1098	3849	3850	3851	3851	3852	3850.57	0.530083	
1437774000 	1098	3848	3850	3850	3850	3851	3849.97	0.65023	
1437774600 	1099	3850	3851	3851	3852	3854	3851.59	0.832832	
1437775200 	1099	3850	3851	3851	3852	3855	3851.63	1.15547	
1437775800 	1099	3831	3850	3850	3850	3851	3849.88	0.776367	
1437776400 	1099	3846	3848	3848	3849	3850	3848.07	0.773704	
1437777000 	1099	3848	3850	3850	3850	3851	3849.85	0.420278	
1437777600 	1099	3849	3850	3851	3851	3851	3850.68	0.471002	
1437778200 	1099	3846	3848	3849	3850	3850	3848.66	1.05101	
1437778800 	1099	3843	3844	3844	3845	3847	3844.32	0.723127	
1437779400 	1099	3841	3842	3842	3843	3844	3842.49	0.956146	
1437780000 	1098	3836	3839	3840	3840	3842	3839.74	0.882226	
1437780600 	1098	3835	3837	3838	3838	3839	3837.37	0.804597	
1437781200 	1098	3831	3833	3834	3834	3836	3833.77	0.907524	
1437781800 	1099	3829	3832	3833	3833	3834	3832.59	0.504845	
1437782400 	1099	3831	3831	3832	3832	3833	3831.74	0.449573	
1437783000 	1099	3827	3830	3830	3831	3832	3830.12	0.981712	
1437783600 	1099	3827	3827	3828	3828	3829	3827.6	0.515836	
1437784200 	1099	3826	3827	3828	3828	3828	3827.56	0.498788	
1437784800 	1099	3826	3826	3827	3827	3828	3826.78	0.496599	
1437785400 	1099	3822	3825	3826	3826	3827	3825.55	0.628725	
1437786000 	1099	3822	3823	3823	3824	3824	3823.24	0.478911	
1437786600 	1099	3822	3823	3823	3823	3824	3823.08	0.291626	
1437787200 	1099	3819	3823	3823	3823	3824	3823	0.246908	
1437787800 	1099	3820	3822	3822	3823	3824	3822.24	0.770921	
1437788400 	1098	3815	3820	3820	3820	3821	3820.08	0.352317	
1437789000 	1098	3819	3820	3820	3820	3821	3820.13	0.344286	
1437789600 	1099	3819	3820	3820	3820	3821	3819.88	0.342833	
1437790200 	1099	3817	3819	3819	3820	3820	3819.04	0.772101	
1437790800 	1099	3816	3817	3817	3818	3818	3817.28	0.452464	
1437791400 	1099	3817	3818	3818	3818	3819	3817.99	0.175428	
1437792000 	1099	3818	3818	3818	3818	3819	3818.04	0.198166	
1437792600 	1099	3814	3816	3817	3818	3819	3817.16	0.899466	
1437793200 	1099	3813	3816	3816	3816	3817	3816.18	0.52157	
1437793800 	1099	3816	3817	3817	3818	3819	3817.21	0.748779	
1437794400 	1099	3818	3820	3821	3821	3823	3820.64	1.285	
1437795000 	1099	3822	3823	3824	3824	3825	3823.67	0.501516	
1437795600 	1099	3824	3826	3827	3828	3830	3826.89	1.52266	
1437796200 	1099	3827	3830	3831	3831	3832	3830.51	0.945565	
1437796800 	1099	3831	3832	3832	3833	3834	3832.41	0.609242	
1437797400 	1098	3830	3833	3833	3833	3834	3833.2	0.442214	
1437798000 	1098	3833	3835	3835	3836	3837	3835.06	0.890849	
1437798600 	1097	3835	3837	3837	3837	3838	3836.88	0.533557	
1437799200 	1098	3837	3838	3838	3839	3839	3838.21	0.497555	
1437799800 	1099	3836	3837	3838	3838	3839	3837.68	0.690618	
1437800400 	1099	3835	3838	3839	3839	3840	3838.68	0.653284	
1437801000 	1099	3839	3840	3840	3840	3841	3839.92	0.441581	
1437801600 	1099	3840	3841	3841	3841	3842	3841.02	0.418343	
1437802200 	1099	3838	3839	3840	3841	3842	3840.14	0.906882	
1437802800 	1099	3838	3840	3840	3840	3841	3840.16	0.435515	
1437803400 	1099	3840	3840	3841	3841	3842	3840.58	0.497147	
1437804000 	1099	3840	3841	3841	3841	3842	3841	0.301643	
1437804600 	1099	3837	3838	3839	3840	3842	3839.07	1.49227	
1437805200 	1099	3835	3836	3836	3837	3838	3836.29	0.782198	
1437805800 	1099	3833	3834	3834	3834	3836	3834.07	0.654081	
1437806400 	1099	3831	3832	3833	3833	3834	3832.59	0.525719	
1437807000 	1099	3826	3828	3829	3831	3832	3829.69	1.50039	
1437807600 	1098	3827	3828	3828	3828	3829	3827.85	0.36403	
1437808200 	1097	3826	3827	3827	3827	3828	3827.07	0.306024	
1437808800 	1098	3824	3825	3826	3826	3827	3825.87	0.599707	
1437809400 	1099	3821	3822	3823	3825	3826	3823.31	1.35438	
1437810000 	1099	3819	3821	3822	3822	3822	3821.58	0.499264	
1437810600 	1099	3820	3821	3821	3821	3822	3821.05	0.261838	
1437811200 	1099	3819	3820	3820	3821	3821	3820.45	0.570622	
1437811800 	1099	3817	3817	3817	3818	3819	3817.56	0.762499	
1437812400 	1099	3813	3817	3817	3817	3818	3817.15	0.390543	
1437813000 	1099	3816	3817	3817	3817	3818	3817.1	0.320643	
1437813600 	1099	3814	3815	3815	3816	3817	3815.17	0.783818	
1437814200 	1099	3814	3815	3815	3815	3815	3814.86	0.34806	
1437814800 	1099	3814	3815	3815	3815	3815	3814.78	0.411901	
1437815400 	1099	3810	3812	3812	3813	3815	3812.55	0.769255	
1437816000 	1098	3811	3812	3812	3812	3813	3812.04	0.215493	
1437816600 	1098	3807	3810	3811	3812	3813	3811.13	1.00333	
1437817200 	1098	3809	3810	3810	3810	3811	3809.91	0.326902	
1437817800 	1098	3810	3810	3810	3811	3811	3810.37	0.483469	
1437818400 	1098	3808	3809	3809	3810	3811	3809.4	0.913308	
1437819000 	1098	3808	3808	3809	3809	3810	3808.74	0.439468	
1437819600 	1098	3808	3809	3809	3809	3810	3808.93	0.279213	
1437820200 	1099	3806	3807	3807	3807	3809	3807.13	0.408789	
1437820800 	1099	3806	3807	3807	3807	3808	3807.01	0.185512	
1437821400 	1099	3804	3805	3806	3807	3807	3805.88	0.856309	
1437822000 	1099	3804	3805	3805	3805	3806	3805.06	0.295974	
1437822600 	1099	3804	3805	3805	3806	3806	3805.37	0.627536	
1437823200 	1099	3803	3804	3804	3804	3805	3804	0.255957	
1437823800 	1099	3801	3804	3804	3804	3805	3804.05	0.325507	
1437824400 	1099	3802	3803	3803	3803	3804	3802.89	0.453232	
1437825000 	1099	3802	3803	3804	3804	3805	3803.71	0.468831	
1437825600 	1098	3801	3802	3803	3804	3805	3803.22	0.978756	
1437826200 	1098	3801	3802	3802	3803	3803	3802.37	0.499668	
1437826800 	1098	3802	3803	3803	3803	3804	3802.91	0.38084	
1437827400 	1098	3801	3802	3803	3803	3804	3802.84	0.707212	
1437828000 	1099	3802	3803	3804	3804	3805	3803.58	0.586304	
1437828600 	1099	3803	3804	3805	3805	3806	3804.65	0.48968	
1437829200 	1099	3802	3805	3805	3806	3806	3805.48	0.510316	
1437829800 	1099	3802	3803	3804	3805	3806	3804.14	1.05223	
1437830400 	1099	3800	3803	3804	3804	3804	3803.53	0.515467	
1437831000 	1099	3802	3803	3804	3804	3805	3803.58	0.499824	
1437831600 	1099	3801	3802	3802	3803	3804	3802.48	0.762186	
1437832200 	1099	3800	3801	3801	3802	3802	3801.39	0.491949	
1437832800 	1099	3800	3801	3801	3801	3802	3801.02	0.277019	
1437833400 	1099	3798	3800	3801	3801	3802	3800.47	0.81275	
1437834000 	1099	3798	3799	3800	3800	3801	3799.54	0.517907	
1437834600 	1099	3799	3800	3801	3801	3802	3800.66	0.609119	
1437835200 	1099	3799	3801	3801	3802	3802	3801.15	0.623198	
1437835800 	1098	3799	3800	3800	3801	3802	3800.24	0.567392	
1437836400 	1098	3800	3801	3802	3802	3803	3801.74	0.478142	
1437837000 	1097	3802	3803	3803	3804	3804	3803.21	0.643919	
1437837600 	1099	3802	3803	3804	3806	3808	3804.5	1.48046	
1437838200 	1099	3807	3809	3811	3812	3814	3810.47	1.88902	
1437838800 	1099	3813	3815	3815	3816	3818	3815.49	1.07102	
1437839400 	1099	3815	3817	3817	3818	3819	3817.35	0.521257	
1437840000 	1099	3818	3819	3819	3820	3821	3819.31	0.747653	
1437840600 	1098	3820	3821	3822	3823	3824	3821.99	0.824735	
1437841200 	1098	3822	3824	3824	3824	3825	3823.97	0.697461	
1437841800 	1099	3822	3823	3824	3824	3825	3823.53	0.549354	
1437842400 	1099	3821	3824	3825	3825	3826	3824.65	0.52361	
1437843000 	1099	3824	3825	3825	3825	3826	3824.79	0.410868	
1437843600 	1099	3818	3822	3822	3823	3825	3822.57	0.933232	
1437844200 	1099	3822	3822	3822	3822	3823	3822.08	0.264234	
1437844800 	1099	3821	3822	3822	3822	3823	3822.12	0.326819	
1437845400 	1099	3819	3821	3822	3822	3823	3821.3	1.05676	
1437846000 	1097	3819	3820	3821	3822	3823	3820.77	1.10938	
1437846600 	1099	3822	3823	3824	3824	3825	3823.7	0.811265	
1437847200 	1099	3824	3826	3826	3826	3827	3825.89	0.637992	
1437847800 	1098	3822	3824	3824	3826	3827	3824.46	1.16748	
1437848400 	1098	3821	3824	3824	3824	3825	3824.07	0.283838	
1437849000 	1098	3823	3824	3824	3824	3825	3824	0.273273	
1437849600 	1099	3820	3822	3824	3824	3825	3823.12	1.1493	
1437850200 	1099	3818	3821	3821	3821	3822	3820.96	0.281872	
1437850800 	1099	3821	3821	3821	3822	3822	3821.38	0.485472	
1437851400 	1099	3821	3821	3822	3822	3823	3821.76	0.455612	
1437852000 	1099	3819	3819	3819	3820	3822	3819.66	0.772263	
1437852600 	1099	3818	3819	3819	3819	3820	3819.08	0.271936	
1437853200 	1099	3817	3819	3819	3819	3820	3819.04	0.273811	
1437853800 	1099	3815	3816	3818	3819	3819	3817.58	1.16688	
1437854400 	1098	3813	3816	3816	3816	3817	3815.91	0.323478	
1437855000 	1098	3815	3816	3816	3816	3817	3816.05	0.274328	
1437855600 	1098	3814	3815	3816	3816	3817	3815.72	0.509619	
1437856200 	1099	3812	3813	3813	3813	3815	3813.12	0.449593	
1437856800 	1099	3812	3813	3813	3813	3814	3813.07	0.436719	
1437857400 	1099	3813	3814	3814	3815	3815	3814.27	0.522309	
1437858000 	1099	3812	3813	3813	3814	3815	3813.17	0.890001	
1437858600 	1099	3812	3813	3813	3813	3814	3812.93	0.417848	
1437859200 	1099	3813	3813	3814	3814	3814	3813.66	0.472884	
1437859800 	1099	3810	3812	3813	3814	3815	3812.74	1.05145	
1437860400 	1099	3811	3811	3812	3812	3813	3811.73	0.553914	
1437861000 	1099	3812	3813	3813	3820	3829	3816.47	5.0184	
1437861600 	1099	3817	3820	3822	3826	3830	3822.77	3.68423	
1437862200 	1099	3813	3814	3814	3815	3818	3814.32	1.00605	
1437862800 	1099	3810	3813	3813	3813	3814	3813.1	0.323437	
1437863400 	1097	3809	3811	3813	3813	3814	3812.08	1.15821	
1437864000 	1098	3807	3810	3810	3810	3811	3810.12	0.367636	
1437864600 	1098	3810	3810	3810	3811	3811	3810.42	0.493827	
1437865200 	1099	3807	3808	3808	3809	3810	3808.48	0.669339	
1437865800 	1099	3805	3809	3809	3809	3810	3809.03	0.502726	
1437866400 	1099	3808	3809	3810	3810	3811	3809.7	0.561186	
1437867000 	1099	3807	3808	3808	3808	3809	3808.24	0.44088	
1437867600 	1099	3808	3809	3809	3810	3810	3809.4	0.510859	
1437868200 	1099	3804	3808	3808	3809	3810	3808.31	0.790252	
1437868800 	1099	3808	3808	3809	3809	3811	3808.85	0.748316	
1437869400 	1099	3810	3811	3812	3813	3814	3812.18	0.974471	
1437870000 	1099	3810	3811	3811	3812	3813	3811.23	0.716746	
1437870600 	1099	3810	3811	3811	3811	3812	3811.15	0.365744	
1437871200 	1099	3810	3811	3812	3812	3812	3811.45	0.66193	
1437871800 	1099	3808	3810	3811	3811	3811	3810.64	0.48678	
1437872400 	1098	3809	3810	3811	3811	3812	3810.69	0.5357	
1437873000 	1098	3808	3809	3809	3809	3810	3809.11	0.349338	
1437873600 	1098	3809	3810	3810	3810	3811	3810.02	0.31425	
1437874200 	1098	3808	3809	3809	3809	3811	3809.06	0.745762	
1437874800 	1099	3806	3809	3810	3811	3812	3810.02	0.751505	
1437875400 	1099	3811	3811	3812	3812	3813	3811.82	0.539341	
1437876000 	1099	3809	3811	3811	3812	3813	3811.27	0.455755	
1437876600 	1099	3811	3812	3812	3813	3813	3812.26	0.537473	
1437877200 	1099	3811	3812	3812	3812	3813	3811.95	0.609095	
1437877800 	1099	3811	3812	3812	3813	3814	3812.47	0.508261	
1437878400 	1099	3813	3813	3814	3814	3815	3813.54	0.525169	
1437879000 	1099	3811	3814	3814	3814	3816	3814.19	0.529935	
1437879600 	1099	3814	3816	3816	3817	3818	3816.26	0.769368	
1437880200 	1099	3817	3818	3818	3819	3819	3818.17	0.672112	
1437880800 	1099	3817	3818	3818	3819	3820	3818.41	0.575865	
1437881400 	1099	3818	3820	3820	3821	3822	3820.5	0.838531	
1437882000 	1099	3821	3822	3822	3823	3824	3822.42	0.51469	
1437882600 	1098	3820	3821	3821	3822	3823	3821.53	0.786677	
1437883200 	1098	3819	3820	3820	3821	3823	3820.37	0.635999	
1437883800 	1098	3818	3819	3819	3819	3820	3818.91	0.442015	
1437884400 	1098	3814	3816	3816	3818	3819	3816.79	1.11951	
1437885000 	1099	3813	3815	3816	3816	3816	3815.58	0.49912	
1437885600 	1099	3811	3813	3814	3815	3816	3813.86	1.17084	
1437886200 	1099	3809	3812	3812	3812	3813	3811.95	0.248439	
1437886800 	1099	3811	3811	3812	3812	3812	3811.69	0.462609	
1437887400 	1099	3808	3809	3809	3809	3811	3809.2	0.724682	
1437888000 	1099	3808	3808	3809	3809	3809	3808.63	0.482895	
1437888600 	1099	3805	3807	3808	3808	3809	3807.83	0.887958	
1437889200 	1099	3801	3805	3806	3806	3806	3805.62	0.502764	
1437889800 	1099	3804	3805	3805	3806	3806	3805.25	0.549771	
1437890400 	1099	3802	3802	3803	3803	3804	3802.74	0.615337	
1437891000 	1099	3802	3802	3803	3803	3803	3802.73	0.442664	
1437891600 	1099	3798	3801	3801	3802	3803	3801.18	0.888552	
1437892200 	1099	3800	3800	3801	3801	3801	3800.72	0.447778	
1437892800 	1099	3799	3800	3801	3801	3801	3800.35	0.79197	
1437893400 	1098	3797	3800	3800	3800	3801	3800.02	0.683087	
1437894000 	1098	3799	3800	3801	3801	3802	3800.45	0.915235	
1437894600 	1098	3799	3799	3800	3800	3801	3799.84	0.563319	
1437895200 	1098	3798	3800	3800	3801	3802	3800.24	0.813758	
1437895800 	1099	3796	3799	3799	3799	3800	3799.01	0.27637	
1437896400 	1099	3797	3799	3799	3800	3801	3799.16	0.789212	
1437897000 	1099	3797	3798	3798	3798	3799	3798.07	0.332253	
1437897600 	1099	3796	3797	3798	3799	3799	3798.03	0.886536	
1437898200 	1099	3796	3796	3797	3797	3798	3796.61	0.489894	
1437898800 	1099	3794	3797	3797	3797	3798	3796.82	0.493362	
1437899400 	1099	3795	3795	3795	3795	3796	3795.06	0.235895	
1437900000 	1099	3793	3795	3795	3795	3796	3794.8	0.585353	
1437900600 	1099	3793	3793	3794	3794	3794	3793.73	0.444087	
1437901200 	1099	3792	3793	3794	3794	3795	3793.69	0.790252	
1437901800 	1099	3790	3792	3793	3793	3793	3792.53	0.504668	
1437902400 	1099	3791	3792	3792	3793	3793	3792.29	0.766482	
1437903000 	1099	3789	3791	3791	3791	3792	3791.04	0.21609	
1437903600 	1099	3789	3789	3790	3791	3792	3790.12	0.89703	
1437904200 	1098	3789	3789	3789	3790	3790	3789.49	0.49997	
1437904800 	1098	3787	3788	3788	3789	3790	3788.37	0.641145	
1437905400 	1098	3788	3788	3788	3789	3789	3788.28	0.449248	
1437906000 	1098	3785	3787	3787	3788	3789	3787.31	0.51941	
1437906600 	1099	3786	3787	3787	3788	3788	3787.27	0.522958	
1437907200 	1099	3785	3786	3786	3786	3787	3786.08	0.275773	
1437907800 	1099	3784	3785	3786	3786	3787	3785.81	0.62205	
1437908400 	1099	3782	3785	3785	3785	3786	3785.08	0.314542	
1437909000 	1099	3783	3784	3784	3785	3786	3784.32	0.714264	
1437909600 	1099	3783	3783	3784	3784	3785	3783.69	0.476625	
1437910200 	1099	3778	3782	3783	3783	3784	3782.72	0.472599	
1437910800 	1099	3781	3782	3783	3783	3784	3782.73	0.447228	
1437911400 	1099	3779	3782	3782	3782	3783	3782.02	0.256723	
1437912000 	1099	3780	3781	3782	3782	3783	3781.73	0.673535	
1437912600 	1099	3779	3781	3782	3782	3783	3781.51	0.540117	
1437913200 	1099	3780	3781	3781	3781	3783	3781.13	0.535485	
1437913800 	1098	3781	3781	3782	3782	3783	3781.74	0.449049	
1437914400 	1098	3780	3780	3781	3781	3782	3780.75	0.457289	
1437915000 	1099	3777	3781	3781	3781	3782	3781.1	0.433131	
1437915600 	1099	3779	3780	3780	3780	3781	3779.98	0.56248	
1437916200 	1099	3779	3780	3780	3781	3781	3780.43	0.499166	
1437916800 	1099	3776	3780	3781	3781	3783	3780.8	0.843723	
1437917400 	1099	3782	3783	3783	3784	3785	3783.12	0.662682	
1437918000 	1099	3783	3784	3785	3786	3788	3785.27	1.39863	
1437918600 	1099	3787	3788	3789	3789	3790	3788.59	0.592166	
1437919200 	1099	3788	3789	3790	3791	3792	3789.94	0.864862	
1437919800 	1099	3791	3792	3793	3793	3794	3792.78	0.765433	
1437920400 	1099	3792	3793	3793	3794	3795	3793.43	0.616297	
1437921000 	1099	3794	3795	3795	3795	3796	3795.01	0.56505	
1437921600 	1099	3794	3795	3795	3796	3796	3795.3	0.483476	
1437922200 	1098	3795	3795	3796	3796	3797	3795.83	0.573525	
1437922800 	1099	3795	3795	3796	3796	3797	3795.64	0.483871	
1437923400 	1099	3793	3794	3795	3795	3796	3794.97	0.73036	
1437924000 	1099	3794	3796	3796	3797	3798	3796.27	0.709363	
1437924600 	1099	3796	3797	3798	3798	3799	3797.73	0.529092	
1437925200 	1099	3797	3798	3799	3799	3800	3798.79	0.623957	
1437925800 	1099	3798	3799	3799	3800	3801	3799.4	0.587897	
1437926400 	1099	3797	3799	3800	3800	3801	3799.84	0.694787	
1437927000 	1099	3799	3800	3801	3801	3802	3800.73	0.619529	
1437927600 	1099	3798	3800	3801	3801	3802	3800.69	0.50718	
1437928200 	1099	3800	3801	3802	3802	3803	3801.54	0.634679	
1437928800 	1098	3798	3799	3800	3801	3802	3799.94	0.794669	
1437929400 	1098	3796	3798	3798	3799	3800	3798.43	0.61949	
1437930000 	1098	3794	3796	3796	3796	3798	3795.89	0.576122	
1437930600 	1098	3793	3795	3795	3796	3796	3795.23	0.682093	
1437931200 	1099	3792	3793	3793	3793	3794	3793.03	0.412152	
1437931800 	1099	3789	3791	3792	3792	3793	3791.66	1.02087	
1437932400 	1099	3789	3790	3790	3790	3791	3789.9	0.352005	
1437933000 	1099	3787	3788	3789	3790	3790	3788.77	0.941074	
1437933600 	1099	3786	3787	3787	3788	3788	3787.41	0.494395	
1437934200 	1099	3784	3785	3786	3787	3788	3786.13	0.995738	
1437934800 	1099	3785	3785	3786	3786	3786	3785.63	0.48338	
1437935400 	1099	3782	3784	3785	3786	3786	3784.82	1.13362	
1437936000 	1099	3783	3783	3784	3784	3784	3783.59	0.492391	
1437936600 	1099	3781	3783	3783	3784	3784	3783.29	0.747748	
1437937200 	1098	3781	3782	3782	3782	3783	3781.92	0.33959	
1437937800 	1099	3780	3780	3781	3782	3782	3781.07	0.838998	
1437938400 	1099	3780	3780	3780	3781	3781	3780.44	0.496859	
1437939000 	1099	3776	3779	3780	3781	3781	3779.8	0.850488	
1437939600 	1099	3779	3779	3780	3780	3780	3779.62	0.486571	
1437940200 	1099	3778	3778	3779	3780	3780	3779.15	0.825386	
1437940800 	1099	3775	3778	3779	3779	3780	3778.75	0.483279	
1437941400 	1099	3777	3778	3778	3779	3780	3778.26	0.640942	
1437942000 	1099	3774	3778	3778	3778	3779	3778.14	0.446936	
1437942600 	1099	3776	3777	3777	3778	3779	3777.29	0.595926	
1437943200 	1099	3774	3777	3777	3777	3778	3777.08	0.378121	
1437943800 	1099	3775	3775	3776	3776	3777	3775.79	0.49687	
1437944400 	1099	3774	3777	3777	3777	3779	3777	0.701602	
1437945000 	1099	3776	3777	3777	3778	3779	3777.44	0.710538	
1437945600 	1098	3778	3779	3779	3779	3780	3778.94	0.315849	
1437946200 	1098	3776	3778	3778	3779	3781	3778.72	1.02915	
1437946800 	1098	3781	3782	3783	3784	3785	3782.96	1.39101	
1437947400 	1099	3784	3785	3785	3786	3787	3785.27	0.722076	
1437948000 	1099	3786	3787	3788	3788	3789	3787.75	0.855673	
1437948600 	1099	3788	3788	3789	3789	3790	3788.7	0.467808	
1437949200 	1099	3789	3790	3790	3791	3792	3790.35	0.881582	
1437949800 	1099	3791	3791	3792	3792	3792	3791.61	0.486997	
1437950400 	1099	3791	3792	3793	3793	3794	3792.79	0.696802	
1437951000 	1099	3789	3792	3793	3793	3794	3792.77	0.637967	
1437951600 	1099	3791	3792	3792	3792	3794	3792.2	0.532605	
1437952200 	1099	3793	3794	3794	3795	3795	3794.3	0.524998	
1437952800 	1099	3794	3795	3795	3796	3797	3795.4	0.766231	
1437953400 	1099	3796	3797	3798	3798	3799	3797.87	0.659772	
1437954000 	1099	3795	3799	3800	3801	3802	3799.67	1.17647	
1437954600 	1099	3801	3803	3804	3805	3806	3803.66	1.14273	
1437955200 	1099	3804	3805	3805	3805	3807	3805.08	0.448057	
1437955800 	1098	3805	3806	3807	3807	3808	3806.37	0.805918	
1437956400 	1098	3805	3807	3808	3808	3809	3807.52	0.515779	
1437957000 	1098	3806	3807	3808	3809	3810	3808.14	0.860169	
1437957600 	1098	3809	3810	3811	3811	3812	3810.54	0.593481	
1437958200 	1099	3809	3810	3810	3811	3812	3810.28	0.557377	
1437958800 	1099	3811	3812	3812	3813	3814	3812.43	0.60103	
1437959400 	1099	3809	3812	3812	3813	3814	3812.14	0.653629	
1437960000 	1099	3811	3812	3812	3813	3814	3812.46	0.607249	
1437960600 	1099	3810	3812	3813	3814	3815	3812.96	1.18698	
1437961200 	1099	3810	3810	3810	3811	3812	3810.43	0.496307	
1437961800 	1099	3809	3810	3810	3810	3811	3809.98	0.272663	
1437962400 	1099	3807	3807	3808	3808	3809	3807.64	0.696429	
1437963000 	1099	3807	3807	3807	3808	3808	3807.41	0.491901	
1437963600 	1099	3801	3805	3805	3807	3808	3805.59	1.16655	
1437964200 	1099	3804	3805	3805	3805	3806	3805.07	0.313738	
1437964800 	1099	3802	3803	3804	3805	3806	3804.23	1.07621	
1437965400 	1099	3803	3803	3803	3804	3804	3803.44	0.495868	
1437966000 	1098	3802	3803	3804	3804	3804	3803.65	0.481812	
1437966600 	1098	3801	3804	3805	3806	3807	3805.04	0.837636	
1437967200 	1098	3804	3807	3807	3807	3808	3807.07	0.61205	
1437967800 	1098	3806	3807	3807	3808	3809	3807.38	0.67572	
1437968400 	1098	3808	3809	3809	3810	3810	3809.29	0.534574	
1437969000 	1099	3807	3808	3808	3809	3811	3808.61	0.794141	
1437969600 	1099	3808	3809	3809	3810	3810	3809.2	0.564132	
