1437358800 	1099	3056	3064	3073	3086	3097	3074.51	11.0803	
1437359400 	1099	3056	3064	3073	3086	3098	3074.24	11.1117	
1437360000 	1099	3056	3063	3072	3085	3096	3073.98	11.2928	
1437360600 	1099	3055	3062	3072	3085	3095	3073.4	11.2569	
1437361200 	1099	3054	3062	3072	3086	3096	3073.61	11.4872	
1437361800 	1099	3055	3062	3072	3085	3096	3073.69	11.4496	
1437362400 	1099	3054	3062	3072	3084	3096	3073.15	11.321	
1437363000 	1099	3055	3062	3072	3084	3095	3073.06	11.3575	
1437363600 	1099	3055	3063	3073	3086	3096	3074.11	11.4983	
1437364200 	1099	3056	3064	3074	3086	3096	3074.67	11.2452	
1437364800 	1099	3057	3064	3074	3086	3097	3074.85	11.223	
1437365400 	1099	3056	3064	3074	3087	3097	3075.21	11.2587	
1437366000 	1099	3058	3064	3075	3087	3098	3075.72	11.439	
1437366600 	1099	3058	3065	3075	3088	3099	3076.37	11.4648	
1437367200 	1098	3057	3065	3075	3088	3098	3076.4	11.3524	
1437367800 	1097	3059	3066	3076	3088	3099	3076.81	11.3487	
1437368400 	1098	3058	3066	3076	3089	3099	3077.16	11.479	
1437369000 	1098	3059	3066	3076	3089	3101	3077.62	11.4564	
1437369600 	1097	3058	3066	3077	3089	3100	3077.91	11.51	
1437370200 	1098	3059	3067	3077	3090	3100	3078.02	11.5055	
1437370800 	1099	3058	3067	3077	3090	3100	3078.22	11.6721	
1437371400 	1099	3059	3067	3078	3090	3100	3078.55	11.5344	
1437372000 	1099	3060	3067	3078	3090	3100	3078.5	11.4789	
1437372600 	1099	3060	3067	3077	3090	3100	3078.56	11.5523	
1437373200 	1099	3059	3067	3078	3090	3101	3078.82	11.54	
1437373800 	1099	3060	3068	3079	3091	3101	3079.05	11.6549	
1437374400 	1099	3060	3068	3078	3091	3101	3079.07	11.643	
1437375000 	1099	3060	3068	3078	3091	3101	3079.13	11.6228	
1437375600 	1099	3060	3068	3078	3091	3102	3079.2	11.7516	
1437376200 	1099	3060	3068	3079	3091	3102	3079.43	11.6751	
1437376800 	1099	3060	3068	3078	3091	3102	3079.21	11.6617	
1437377400 	1099	3060	3068	3079	3091	3103	3079.47	11.7182	
1437378000 	1099	3061	3068	3079	3091	3101	3079.63	11.6717	
1437378600 	1099	3060	3068	3079	3091	3101	3079.66	11.7175	
1437379200 	1099	3061	3068	3079	3092	3102	3079.92	11.7562	
1437379800 	1098	3060	3069	3079.5	3092	3102	3080.03	11.7166	
1437380400 	1097	3061	3068	3079	3091	3101	3079.98	11.7633	
1437381000 	1098	3061	3068	3079.5	3092	3102	3080.14	11.6864	
1437381600 	1098	3062	3068	3080	3092	3102	3080.07	11.6304	
1437382200 	1099	3061	3069	3080	3092	3103	3080.15	11.7141	
1437382800 	1099	3059	3069	3080	3092	3103	3080.38	11.7556	
1437383400 	1099	3061	3069	3080	3093	3104	3080.69	11.8283	
1437384000 	1099	3061	3069	3080	3092	3104	3080.69	11.9165	
1437384600 	1099	3061	3069	3080	3093	3106	3080.98	11.8996	
1437385200 	1099	3061	3069	3081	3093	3105	3080.8	11.7751	
1437385800 	1099	3062	3069	3081	3092	3103	3080.95	11.9588	
1437386400 	1099	3061	3070	3081	3093	3104	3081.23	11.9124	
1437387000 	1099	3062	3069	3081	3093	3104	3081.18	11.926	
1437387600 	1099	3061	3069	3081	3093	3103	3081.18	11.9108	
1437388200 	1099	3062	3069	3081	3093	3104	3081.22	11.8588	
1437388800 	1099	3062	3070	3081	3093	3104	3081.18	11.7968	
1437389400 	1099	3062	3069	3081	3093	3104	3081.31	11.8881	
1437390000 	1099	3061	3070	3081	3093	3104	3081.27	11.7996	
1437390600 	1098	3061	3070	3081	3093	3106	3081.34	12.0035	
1437391200 	1098	3063	3070	3081	3093	3104	3081.76	11.9876	
1437391800 	1098	3062	3070	3081	3093	3103	3081.57	11.8752	
1437392400 	1098	3062	3070	3081	3093	3104	3081.56	12.0458	
1437393000 	1099	3062	3070	3081	3093	3104	3081.54	12.0468	
1437393600 	1099	3062	3069	3080	3093	3105	3081.28	11.8662	
1437394200 	1099	3062	3069	3081	3093	3104	3081.42	11.9651	
1437394800 	1099	3063	3069	3081	3093	3105	3081.58	11.9034	
1437395400 	1099	3061	3070	3081	3093	3104	3081.42	11.9365	
1437396000 	1099	3063	3070	3081	3094	3105	3081.92	12.0543	
1437396600 	1099	3062	3070	3081	3093	3104	3081.72	11.9498	
1437397200 	1099	3062	3070	3081	3093	3103	3081.48	11.8357	
1437397800 	1099	3062	3070	3081	3093	3104	3081.62	11.921	
1437398400 	1099	3062	3070	3081	3093	3104	3081.31	11.9815	
1437399000 	1099	3062	3069	3081	3093	3104	3081.21	11.8943	
1437399600 	1099	3062	3069	3080	3092	3102	3080.69	11.7061	
1437400200 	1099	3061	3068	3080	3092	3101	3080.08	11.6983	
1437400800 	1099	3061	3068	3079	3091	3102	3079.84	11.598	
1437401400 	1099	3061	3068	3079	3091	3101	3079.61	11.4287	
1437402000 	1099	3060	3068	3078	3091	3102	3079.54	11.4983	
1437402600 	1099	3060	3068	3079	3091	3101	3079.56	11.5594	
1437403200 	1099	3061	3068	3079	3091	3102	3079.71	11.4263	
1437403800 	1099	3061	3068	3079	3090	3102	3079.41	11.369	
1437404400 	1099	3060	3068	3079	3091	3101	3079.39	11.5385	
1437405000 	1099	3060	3068	3078	3091	3101	3079.24	11.4795	
1437405600 	1099	3059	3068	3078	3090	3100	3078.79	11.3811	
1437406200 	1098	3060	3068	3078	3090	3101	3078.93	11.4374	
1437406800 	1098	3059	3067	3078	3090	3100	3078.46	11.3371	
1437407400 	1099	3060	3067	3077	3089	3100	3078.12	11.3843	
1437408000 	1099	3059	3067	3077	3089	3099	3078.1	11.3662	
1437408600 	1099	3058	3066	3076	3087	3098	3076.47	10.9436	
1437409200 	1098	3058	3065	3075.5	3087	3097	3076.1	10.9676	
1437409800 	1098	3059	3066	3076	3087	3098	3076.3	10.811	
1437410400 	1098	3058	3066	3075	3086	3096	3075.81	10.7112	
1437411000 	1099	3057	3065	3075	3086	3097	3075.45	10.787	
1437411600 	1099	3058	3065	3075	3086	3096	3075.25	10.7675	
1437412200 	1099	3057	3064	3073	3085	3100	3074.41	10.745	
1437412800 	1099	3056	3064	3073	3085	3095	3074.26	10.837	
1437413400 	1098	3057	3064	3074	3086	3097	3074.99	10.8678	
1437414000 	1098	3057	3064	3074	3086	3102	3074.93	10.8854	
1437414600 	1098	3058	3064	3074	3085	3096	3074.65	10.7651	
1437415200 	1098	3057	3064	3074	3086	3097	3075.03	10.8854	
1437415800 	1099	3057	3064	3075	3086	3096	3075.09	10.8928	
1437416400 	1099	3057	3064	3074	3086	3096	3074.87	10.7726	
1437417000 	1099	3058	3064	3075	3086	3102	3075.12	10.8829	
1437417600 	1099	3057	3065	3075	3086	3096	3075.27	10.736	
1437418200 	1098	3057	3064	3074	3085	3095	3074.83	10.745	
1437418800 	1098	3057	3064	3073	3085	3094	3074.23	10.7393	
1437419400 	1098	3056	3064	3073	3085	3097	3073.98	10.7084	
1437420000 	1099	3056	3063	3073	3084	3094	3073.5	10.5855	
1437420600 	1099	3055	3063	3072	3083	3094	3072.93	10.6002	
1437421200 	1099	3056	3062	3072	3083	3093	3072.79	10.4794	
1437421800 	1099	3056	3063	3072	3084	3093	3073.12	10.6755	
1437422400 	1099	3055	3062	3071	3083	3093	3072.55	10.5229	
1437423000 	1099	3054	3062	3070	3083	3094	3072	10.5521	
1437423600 	1098	3055	3061	3071	3083	3093	3072.04	10.8228	
1437424200 	1098	3054	3061	3070	3082	3092	3071.89	10.7543	
1437424800 	1098	3053	3061	3070	3081	3091	3071.29	10.7449	
1437425400 	1098	3055	3061	3071	3083	3094	3071.71	10.8035	
1437426000 	1098	3056	3062	3071	3083	3093	3072.4	10.4709	
1437426600 	1099	3054	3062	3071	3082	3095	3072.05	10.6284	
1437427200 	1099	3055	3061	3070	3082	3095	3071.9	10.6867	
1437427800 	1099	3054	3062	3071	3083	3094	3072.33	10.6333	
1437428400 	1098	3055	3062	3071	3083	3093	3072.54	10.4901	
1437429000 	1098	3054	3062	3070	3083	3094	3072.37	10.605	
1437429600 	1099	3053	3060	3070	3081	3092	3070.85	10.7147	
1437430200 	1099	3054	3061	3070	3082	3093	3071.21	10.7792	
1437430800 	1099	3053	3060	3070	3081	3093	3071	10.7094	
1437431400 	1099	3053	3060	3070	3081	3091	3070.5	10.7862	
1437432000 	1099	3051	3060	3069	3081	3091	3070.12	10.8967	
1437432600 	1099	3053	3060	3070	3081	3091	3070.6	10.7246	
1437433200 	1099	3054	3060	3070	3081	3092	3070.88	10.661	
1437433800 	1099	3054	3061	3070	3081	3093	3071.15	10.6871	
1437434400 	1099	3054	3061	3070	3082	3093	3071.38	10.7693	
1437435000 	1099	3055	3061	3071	3083	3094	3071.93	10.6792	
1437435600 	1098	3054	3061	3070	3082	3093	3071.81	10.6105	
1437436200 	1098	3055	3062	3070.5	3083	3094	3072.21	10.8496	
1437436800 	1099	3055	3062	3071	3083	3093	3072.53	10.6951	
1437437400 	1099	3054	3062	3071	3083	3119	3072.26	10.6684	
1437438000 	1099	3055	3062	3071	3083	3094	3072.46	10.9256	
1437438600 	1099	3055	3062	3071	3083	3095	3072.66	10.8066	
1437439200 	1099	3054	3063	3072	3084	3095	3073.29	10.748	
1437439800 	1099	3054	3063	3072	3084	3095	3073.19	10.7591	
1437440400 	1099	3053	3062	3071	3083	3093	3072.32	10.7866	
1437441000 	1099	3054	3061	3071	3083	3093	3072.12	10.9985	
1437441600 	1099	3054	3061	3071	3083	3093	3071.97	10.896	
1437442200 	1099	3053	3061	3071	3082	3093	3071.69	10.9554	
1437442800 	1097	3052	3061	3070	3082	3094	3071.61	11.0783	
1437443400 	1098	3053	3061	3070	3083	3093	3071.86	11.1244	
1437444000 	1098	3054	3061	3071	3083	3095	3072.17	10.9992	
1437444600 	1099	3054	3061	3071	3083	3093	3072.13	11.0228	
1437445200 	1099	3054	3061	3071	3082	3093	3072.05	10.7956	
1437445800 	1099	3053	3062	3071	3083	3093	3072.41	10.9195	
1437446400 	1099	3055	3062	3071	3084	3093	3072.79	10.8272	
1437447000 	1099	3055	3062	3072	3083	3093	3072.72	10.8789	
1437447600 	1099	3055	3062	3071	3083	3093	3072.72	10.7979	
1437448200 	1099	3055	3063	3072	3084	3094	3073.14	10.8418	
1437448800 	1099	3056	3063	3072	3084	3094	3073.59	10.804	
1437449400 	1099	3055	3063	3072	3084	3094	3073.59	10.8857	
1437450000 	1099	3056	3063	3072	3084	3095	3073.47	10.902	
1437450600 	1099	3055	3063	3073	3085	3094	3073.73	11.048	
1437451200 	1099	3055	3063	3073	3085	3095	3073.85	10.9773	
1437451800 	1099	3055	3063	3072	3085	3095	3073.9	11.0263	
1437452400 	1099	3055	3063	3073	3085	3098	3073.78	11.1802	
1437453000 	1098	3056	3063	3073	3085	3095	3074.36	11.0845	
1437453600 	1098	3057	3063	3073	3086	3096	3074.38	11.0968	
1437454200 	1098	3056	3064	3073	3085	3097	3074.35	11.1149	
1437454800 	1099	3055	3064	3073	3086	3095	3074.4	11.1411	
1437455400 	1099	3057	3064	3074	3085	3095	3074.62	10.9499	
1437456000 	1099	3057	3064	3073	3085	3096	3074.33	10.908	
1437456600 	1099	3057	3064	3073	3085	3096	3074.33	10.9835	
1437457200 	1099	3057	3064	3074	3086	3097	3074.81	11.076	
1437457800 	1099	3057	3064	3074	3086	3097	3074.86	10.9658	
1437458400 	1099	3056	3064	3074	3085	3095	3074.78	10.9125	
1437459000 	1099	3057	3064	3074	3086	3096	3074.97	11.0956	
1437459600 	1099	3058	3065	3075	3086	3097	3075.45	11.1183	
1437460200 	1099	3058	3064	3074	3086	3097	3075.36	11.0247	
1437460800 	1099	3057	3064	3074	3086	3097	3075.27	11.0792	
1437461400 	1099	3058	3065	3075	3087	3097	3075.89	11.1235	
1437462000 	1099	3058	3065	3075	3087	3097	3075.84	11.0377	
1437462600 	1098	3058	3065	3075	3087	3096	3075.65	11.0464	
1437463200 	1098	3058	3065	3076	3087	3098	3075.99	11.2543	
1437463800 	1098	3058	3065	3075	3087	3097	3076.21	11.3048	
1437464400 	1098	3058	3065	3076	3087	3098	3076.22	11.3653	
1437465000 	1098	3058	3065	3076	3087	3098	3076.43	11.4044	
1437465600 	1099	3058	3065	3076	3087	3098	3076.62	11.4262	
1437466200 	1099	3058	3065	3075	3087	3098	3076.43	11.2895	
1437466800 	1099	3058	3065	3076	3087	3098	3076.38	11.3569	
1437467400 	1099	3058	3066	3076	3088	3097	3076.75	11.3222	
1437468000 	1099	3058	3066	3076	3088	3105	3076.8	11.3239	
1437468600 	1099	3058	3066	3076	3087	3098	3076.86	11.5111	
1437469200 	1099	3057	3066	3077	3088	3099	3076.94	11.4528	
1437469800 	1099	3058	3066	3077	3088	3099	3077.38	11.339	
1437470400 	1099	3058	3066	3077	3088	3100	3077.17	11.3969	
1437471000 	1099	3058	3066	3077	3089	3102	3077.27	11.5154	
1437471600 	1099	3058	3066	3077	3089	3100	3077.53	11.3536	
1437472200 	1099	3059	3066	3077	3089	3099	3077.55	11.4938	
1437472800 	1099	3059	3066	3077	3089	3099	3077.52	11.4017	
1437473400 	1098	3058	3066	3077	3089	3099	3077.57	11.3151	
1437474000 	1098	3060	3066	3077	3088	3098	3077.59	11.2789	
1437474600 	1098	3058	3066	3077	3089	3099	3077.54	11.34	
1437475200 	1098	3059	3067	3078	3089	3099	3077.88	11.4232	
1437475800 	1099	3060	3067	3078	3089	3100	3078.05	11.3353	
1437476400 	1099	3058	3067	3078	3089	3099	3077.91	11.2977	
1437477000 	1099	3059	3067	3078	3089	3100	3077.99	11.3422	
1437477600 	1099	3060	3067	3078	3089	3099	3078.11	11.2673	
1437478200 	1099	3060	3067	3077	3089	3100	3078.13	11.4712	
1437478800 	1099	3058	3067	3077	3089	3100	3077.85	11.5268	
1437479400 	1099	3059	3066	3077	3089	3101	3077.74	11.4209	
1437480000 	1099	3058	3066	3076	3088	3098	3077.08	11.1976	
1437480600 	1099	3058	3066	3075	3087	3097	3076.36	11.1722	
1437481200 	1099	3058	3065	3075	3087	3098	3076.36	11.2126	
1437481800 	1099	3058	3065	3075	3087	3098	3076.04	11.1646	
1437482400 	1098	3057	3065	3075	3087	3097	3075.81	10.913	
1437483000 	1098	3058	3065	3076	3087	3096	3076.19	11.0524	
1437483600 	1099	3058	3066	3076	3087	3098	3076.2	10.8828	
1437484200 	1099	3058	3065	3076	3087	3098	3076.21	11.0993	
1437484800 	1099	3057	3065	3075	3087	3097	3076.25	11.0782	
1437485400 	1098	3059	3066	3076	3087	3098	3076.52	11.129	
1437486000 	1099	3057	3066	3076	3087	3097	3076.4	10.9482	
1437486600 	1099	3058	3065	3075	3087	3097	3076.25	11.1551	
1437487200 	1099	3058	3065	3075	3087	3098	3076.44	11.2171	
1437487800 	1099	3057	3065	3075	3087	3097	3076.02	11.1601	
1437488400 	1099	3058	3065	3075	3087	3098	3075.69	10.9849	
1437489000 	1099	3058	3065	3075	3087	3098	3075.66	11.0191	
1437489600 	1099	3058	3065	3075	3087	3096	3075.9	11.0073	
1437490200 	1099	3057	3065	3075	3086	3096	3075.64	10.9169	
1437490800 	1099	3057	3065	3075	3086	3097	3075.47	10.939	
1437491400 	1099	3056	3065	3075	3087	3097	3075.91	10.9413	
1437492000 	1098	3058	3065	3075	3086	3096	3075.72	10.8725	
1437492600 	1098	3058	3065	3075	3086	3096	3075.62	10.8008	
1437493200 	1098	3058	3065	3075	3086	3097	3075.9	10.9887	
1437493800 	1097	3057	3066	3075	3087	3098	3076.2	11.1338	
1437494400 	1098	3057	3066	3075	3087	3097	3076.3	10.9669	
1437495000 	1098	3058	3065	3076	3087	3097	3076.38	11.1507	
1437495600 	1099	3059	3066	3076	3088	3098	3076.64	11.0822	
1437496200 	1099	3058	3066	3076	3087	3097	3076.33	10.9486	
1437496800 	1099	3058	3066	3076	3087	3097	3076.14	10.8933	
1437497400 	1099	3059	3065	3076	3087	3098	3076.69	11.0681	
1437498000 	1099	3058	3066	3076	3087	3099	3076.57	11.0219	
1437498600 	1099	3058	3066	3076	3087	3097	3076.34	10.9836	
1437499200 	1098	3058	3066	3076	3087	3097	3076.77	11.0679	
1437499800 	1098	3058	3066	3076.5	3088	3098	3076.97	11.1661	
1437500400 	1098	3058	3066	3076	3088	3103	3076.73	11.1562	
1437501000 	1098	3057	3066	3076	3087	3098	3076.63	11.2145	
1437501600 	1099	3059	3066	3076	3088	3098	3076.9	11.095	
1437502200 	1099	3058	3066	3076	3087	3098	3076.55	11.0229	
1437502800 	1099	3058	3066	3076	3087	3098	3076.53	10.995	
1437503400 	1099	3058	3066	3076	3087	3102	3076.74	10.9972	
1437504000 	1099	3059	3066	3076	3087	3098	3076.71	10.9993	
1437504600 	1099	3059	3066	3076	3087	3097	3076.44	10.8643	
1437505200 	1098	3059	3066	3076	3087	3098	3076.81	11.0135	
1437505800 	1098	3058	3066	3076	3088	3097	3076.69	11.0309	
1437506400 	1098	3058	3066	3076	3087	3098	3076.52	11.0165	
1437507000 	1098	3058	3065	3076	3087	3097	3076.37	11.2108	
1437507600 	1099	3058	3066	3076	3087	3101	3076.39	10.9564	
1437508200 	1099	3059	3065	3075	3087	3098	3076.17	11.0202	
1437508800 	1099	3058	3065	3075	3087	3097	3076.15	11.0049	
1437509400 	1099	3058	3066	3076	3087	3097	3076.42	11.0443	
1437510000 	1099	3058	3065	3076	3087	3098	3076.28	10.9936	
1437510600 	1099	3058	3065	3075	3087	3100	3076.22	11.0046	
1437511200 	1099	3058	3065	3075	3087	3098	3076.09	10.998	
1437511800 	1098	3057	3065	3075	3087	3103	3076.05	10.9884	
1437512400 	1097	3058	3065	3075	3087	3096	3075.87	10.7841	
1437513000 	1099	3059	3065	3075	3087	3097	3075.86	10.8732	
1437513600 	1099	3058	3066	3075	3087	3096	3076	10.7869	
1437514200 	1099	3058	3065	3075	3087	3097	3075.92	10.8548	
1437514800 	1099	3057	3065	3075	3087	3097	3075.96	10.896	
1437515400 	1099	3059	3066	3076	3087	3098	3076.41	11.0955	
1437516000 	1099	3058	3065	3076	3087	3097	3076.33	11	
1437516600 	1099	3057	3066	3075	3087	3098	3076.14	10.9705	
1437517200 	1099	3059	3065	3076	3087	3097	3076.16	10.9269	
1437517800 	1099	3058	3066	3076	3087	3098	3076.43	10.9659	
1437518400 	1098	3058	3065	3076	3087	3097	3076.21	10.9614	
1437519000 	1098	3057	3065	3075	3086	3096	3075.51	10.9664	
1437519600 	1098	3057	3065	3074	3086	3097	3075.33	11.1206	
1437520200 	1100	3057	3065	3075	3086	3098	3075.26	10.8495	
1437520800 	1099	3057	3064	3074	3085	3096	3074.88	10.8807	
1437521400 	1099	3056	3064	3074	3085	3095	3074.59	10.8965	
1437522000 	1099	3057	3064	3074	3085	3097	3074.81	11.125	
1437522600 	1099	3057	3064	3074	3085	3096	3074.82	10.9083	
1437523200 	1099	3055	3063	3073	3085	3095	3073.68	10.954	
1437523800 	1099	3054	3062	3071	3083	3095	3072.52	10.8186	
1437524400 	1099	3054	3062	3070	3082	3094	3071.94	10.7149	
1437525000 	1099	3054	3061	3070	3082	3093	3071.6	10.9266	
1437525600 	1099	3053	3061	3071	3083	3095	3072.04	11.151	
1437526200 	1099	3052	3061	3071	3083	3094	3072.12	11.3551	
1437526800 	1099	3054	3061	3072	3084	3096	3072.8	11.5538	
1437527400 	1099	3054	3062	3071	3084	3095	3072.85	11.5074	
1437528000 	1098	3053	3061	3072	3084	3098	3072.86	11.7443	
1437528600 	1098	3055	3061	3071.5	3085	3095	3072.84	11.4885	
1437529200 	1098	3056	3063	3073	3085	3095	3073.64	11.4997	
1437529800 	1098	3055	3063	3072	3085	3096	3073.71	11.5826	
1437530400 	1099	3054	3062	3072	3086	3095	3073.6	11.6083	
1437531000 	1099	3054	3063	3072	3085	3096	3073.78	11.5475	
1437531600 	1099	3056	3063	3074	3086	3097	3074.71	11.6669	
1437532200 	1099	3056	3063	3074	3086	3098	3075	11.7461	
1437532800 	1099	3056	3063	3074	3086	3097	3075.14	11.82	
1437533400 	1099	3056	3064	3075	3087	3097	3075.51	11.7642	
1437534000 	1099	3056	3065	3076	3088	3099	3076.29	11.6416	
1437534600 	1099	3057	3065	3076	3088	3099	3076.53	11.8708	
1437535200 	1099	3057	3065	3076	3089	3101	3076.73	11.9391	
1437535800 	1099	3058	3066	3077	3089	3098	3077.34	11.7936	
1437536400 	1099	3058	3066	3077	3089	3102	3077.52	11.7226	
1437537000 	1099	3059	3066	3077	3089	3100	3077.36	11.7008	
1437537600 	1099	3058	3065	3077	3090	3099	3077.38	11.8843	
1437538200 	1098	3059	3066	3076	3089	3099	3077.52	11.7475	
1437538800 	1097	3058	3065	3076	3089	3099	3077.1	11.7561	
1437539400 	1098	3057	3065	3076	3089	3099	3076.93	11.7784	
1437540000 	1098	3058	3066	3076	3090	3101	3077.33	11.9252	
1437540600 	1099	3059	3065	3076	3089	3103	3077.27	11.7232	
1437541200 	1099	3058	3066	3076	3089	3099	3077.23	11.8197	
1437541800 	1099	3058	3065	3076	3089	3100	3077.14	11.9447	
1437542400 	1099	3059	3066	3077	3090	3100	3077.78	11.9557	
1437543000 	1099	3058	3066	3077	3089	3099	3077.69	11.6925	
1437543600 	1099	3059	3066	3077	3090	3101	3077.55	11.6327	
1437544200 	1099	3059	3066	3077	3090	3100	3077.95	11.9246	
1437544800 	1099	3058	3067	3077	3090	3101	3078.13	11.7602	
1437545400 	1099	3059	3066	3077	3090	3100	3077.93	11.808	
1437546000 	1099	3059	3066	3077	3090	3107	3077.92	11.8374	
1437546600 	1099	3059	3066	3077	3090	3100	3078.14	11.8662	
1437547200 	1099	3059	3066	3078	3090	3100	3078.36	11.8804	
1437547800 	1099	3059	3067	3077	3090	3101	3078.4	11.9076	
1437548400 	1099	3059	3066	3077	3090	3100	3078.51	11.9781	
1437549000 	1098	3060	3067	3078	3091	3105	3078.9	11.9408	
1437549600 	1098	3059	3068	3077.5	3091	3101	3079.05	11.8928	
1437550200 	1098	3060	3067	3078	3091	3101	3078.98	11.8495	
1437550800 	1098	3060	3067	3078	3091	3102	3078.95	11.8833	
1437551400 	1099	3060	3067	3078	3091	3102	3079.34	11.954	
1437552000 	1099	3060	3067	3078	3091	3104	3079.31	12.0012	
1437552600 	1099	3060	3067	3078	3091	3104	3079.13	11.9434	
1437553200 	1099	3060	3067	3079	3092	3102	3079.27	12.0052	
1437553800 	1099	3060	3068	3078	3092	3102	3079.72	11.8583	
1437554400 	1099	3061	3068	3078	3091	3102	3079.63	11.9075	
1437555000 	1099	3058	3068	3078	3091	3102	3079.36	11.8823	
1437555600 	1099	3059	3068	3079	3092	3102	3079.65	12.0569	
1437556200 	1099	3060	3068	3079	3091	3102	3079.72	11.9068	
1437556800 	1099	3061	3068	3078	3091	3102	3079.54	11.9082	
1437557400 	1099	3060	3068	3078	3091	3105	3079.53	12.0116	
1437558000 	1099	3060	3068	3078	3092	3102	3079.88	12.0357	
1437558600 	1099	3061	3068	3079	3093	3103	3080.09	12.0977	
1437559200 	1099	3061	3068	3079	3092	3101	3079.87	12.0398	
1437559800 	1099	3061	3068	3079	3092	3102	3079.93	11.9634	
1437560400 	1097	3061	3068	3079	3092	3102	3080.2	11.9823	
1437561000 	1098	3060	3068	3079	3092	3102	3080.22	12.0268	
1437561600 	1098	3060	3068	3079	3092	3103	3080.11	12.0351	
1437562200 	1099	3061	3068	3079	3092	3102	3080.24	12.1774	
1437562800 	1099	3061	3068	3079	3092	3104	3080.14	12.0206	
1437563400 	1099	3061	3068	3079	3092	3102	3080.23	12.0713	
1437564000 	1099	3061	3068	3079	3092	3103	3080.35	12.0848	
1437564600 	1099	3060	3068	3079	3092	3104	3080.17	12.0901	
1437565200 	1099	3060	3068	3079	3092	3102	3079.84	11.9268	
1437565800 	1099	3060	3068	3079	3092	3103	3079.88	11.9227	
1437566400 	1098	3061	3068	3079	3092	3104	3080.13	11.9511	
1437567000 	1098	3061	3068	3078.5	3092	3102	3079.92	12.0216	
1437567600 	1097	3060	3068	3078	3091	3101	3079.41	11.8747	
1437568200 	1099	3060	3068	3078	3091	3102	3079.24	11.9195	
1437568800 	1099	3060	3067	3078	3091	3101	3078.58	11.7014	
1437569400 	1099	3059	3066	3077	3090	3103	3077.99	11.6678	
1437570000 	1099	3058	3066	3077	3089	3100	3077.42	11.5264	
1437570600 	1098	3058	3066	3077	3089	3099	3077.21	11.5449	
1437571200 	1099	3059	3066	3076	3089	3100	3077.4	11.545	
1437571800 	1098	3057	3066	3076	3088	3099	3076.93	11.4504	
1437572400 	1098	3057	3065	3075.5	3087	3098	3076.01	11.3073	
1437573000 	1098	3056	3064	3074	3086	3097	3075.32	11.2421	
1437573600 	1098	3057	3065	3074.5	3086	3098	3075.55	11.1369	
1437574200 	1099	3057	3064	3074	3086	3097	3075.03	11.1942	
1437574800 	1099	3056	3063	3073	3085	3096	3074.15	11.1398	
1437575400 	1099	3054	3062	3072	3084	3096	3072.91	11.0211	
1437576000 	1099	3054	3061	3071	3083	3094	3072.23	11.1378	
1437576600 	1098	3053	3061	3070.5	3083	3094	3072.04	11.2401	
1437577200 	1098	3053	3061	3070	3082	3094	3071.71	11.1881	
1437577800 	1098	3052	3060	3070	3082	3093	3071.04	11.3935	
1437578400 	1098	3051	3059	3069	3081	3092	3070.19	11.5045	
1437579000 	1099	3052	3058	3069	3080	3092	3069.57	11.4052	
1437579600 	1099	3051	3058	3068	3080	3093	3069.18	11.5748	
1437580200 	1099	3050	3057	3068	3080	3091	3068.74	11.5445	
1437580800 	1099	3050	3057	3068	3079	3090	3068.63	11.5723	
1437581400 	1099	3050	3058	3069	3081	3091	3069.22	11.6568	
1437582000 	1099	3050	3058	3069	3081	3091	3069.37	11.502	
1437582600 	1098	3052	3058	3069	3081	3092	3069.54	11.431	
1437583200 	1098	3049	3058	3068	3080	3091	3069.17	11.511	
1437583800 	1098	3051	3057	3068	3080	3090	3068.59	11.4657	
1437584400 	1098	3050	3057	3068	3080	3092	3068.7	11.4962	
1437585000 	1098	3049	3057	3068	3079	3090	3068.28	11.4752	
1437585600 	1099	3050	3056	3067	3078	3091	3067.86	11.5247	
1437586200 	1099	3048	3056	3066	3078	3089	3067.13	11.5622	
1437586800 	1099	3048	3055	3066	3077	3089	3066.48	11.713	
1437587400 	1099	3046	3055	3065	3077	3091	3065.86	11.6441	
1437588000 	1099	3045	3054	3065	3076	3088	3065.25	11.813	
1437588600 	1099	3043	3054	3064	3076	3086	3065.06	11.6069	
1437589200 	1099	3045	3054	3064	3076	3088	3065.24	11.7554	
1437589800 	1099	3045	3053	3064	3076	3087	3064.25	11.6543	
1437590400 	1099	3046	3053	3064	3075	3088	3064.59	11.7108	
1437591000 	1099	3045	3053	3064	3076	3087	3064.83	11.7628	
1437591600 	1099	3045	3053	3064	3076	3088	3064.99	11.7078	
1437592200 	1099	3045	3054	3064	3076	3090	3065.07	11.7262	
1437592800 	1099	3046	3054	3064	3076	3088	3065.21	11.7282	
1437593400 	1099	3046	3054	3064	3076	3087	3065.25	11.7216	
1437594000 	1099	3046	3053	3065	3076	3088	3065.35	11.803	
1437594600 	1099	3046	3054	3064	3076	3089	3065.5	11.8318	
1437595200 	1098	3045	3054	3065	3077	3088	3065.41	11.9269	
1437595800 	1098	3045	3053	3064	3076	3088	3064.71	11.9759	
1437596400 	1098	3045	3053	3064	3076	3090	3064.66	11.831	
1437597000 	1098	3045	3052	3063	3075	3088	3063.97	11.7841	
1437597600 	1098	3043	3052	3063	3075	3085	3063.64	11.7072	
1437598200 	1098	3045	3052	3063	3075	3086	3063.44	11.6766	
1437598800 	1099	3044	3052	3063	3074	3086	3063.19	11.5479	
1437599400 	1099	3043	3051	3063	3075	3086	3063	11.6373	
1437600000 	1099	3043	3052	3063	3075	3085	3063.56	11.7066	
1437600600 	1099	3044	3052	3063	3075	3086	3063.46	11.6158	
1437601200 	1099	3043	3052	3063	3075	3087	3063.65	11.8001	
1437601800 	1099	3044	3052	3063	3075	3091	3063.83	11.8236	
1437602400 	1099	3044	3052	3064	3075	3085	3064	11.6436	
1437603000 	1099	3044	3052	3063	3075	3087	3064.16	11.7276	
1437603600 	1099	3045	3053	3064	3076	3088	3064.57	11.7844	
1437604200 	1099	3046	3053	3064	3076	3088	3064.91	11.7268	
1437604800 	1099	3045	3054	3065	3077	3088	3065.39	11.7022	
1437605400 	1097	3047	3055	3065	3078	3090	3066.49	11.8157	
1437606000 	1099	3047	3055	3065	3078	3090	3066.44	11.7343	
1437606600 	1099	3047	3054	3065	3077	3088	3065.83	11.8679	
1437607200 	1099	3045	3054	3065	3077	3089	3065.9	11.8511	
1437607800 	1099	3044	3054	3065	3077	3089	3065.49	11.8047	
1437608400 	1099	3044	3054	3065	3077	3088	3066.11	11.9887	
1437609000 	1099	3046	3055	3066	3078	3089	3066.56	11.8593	
1437609600 	1099	3045	3055	3065	3078	3089	3066.61	11.8779	
1437610200 	1099	3046	3055	3065	3078	3089	3066.67	11.7627	
1437610800 	1099	3046	3055	3066	3078	3090	3067.08	11.7231	
1437611400 	1097	3049	3056	3066	3078	3089	3066.91	11.2912	
1437612000 	1098	3047	3055	3065	3078	3091	3066.51	11.6208	
1437612600 	1099	3047	3055	3065	3077	3088	3066.11	11.8062	
1437613200 	1099	3047	3054	3065	3077	3089	3066.06	11.8457	
1437613800 	1099	3047	3054	3065	3077	3090	3065.55	11.8557	
1437614400 	1099	3045	3053	3064	3077	3088	3065.13	12.057	
1437615000 	1099	3044	3053	3064	3076	3087	3064.62	12.0642	
1437615600 	1099	3044	3053	3065	3077	3089	3064.98	12.2449	
1437616200 	1099	3045	3053	3064	3076	3088	3064.93	12.0968	
1437616800 	1099	3046	3053	3064	3076	3088	3064.84	12.1335	
1437617400 	1099	3045	3053	3064	3076	3090	3064.62	12.0734	
1437618000 	1099	3044	3053	3064	3076	3088	3065.07	11.989	
1437618600 	1098	3045	3054	3064.5	3077	3088	3065.39	11.7494	
1437619200 	1098	3045	3054	3064	3077	3088	3065.21	11.8098	
1437619800 	1098	3044	3053	3064	3076	3088	3064.69	11.9303	
1437620400 	1099	3045	3053	3065	3076	3088	3064.97	12.1134	
1437621000 	1099	3046	3054	3065	3077	3088	3065.5	11.8401	
1437621600 	1099	3047	3054	3064	3075	3088	3065.05	10.9699	
1437622200 	1099	3046	3054	3065	3076	3089	3065.78	11.7257	
1437622800 	1099	3046	3055	3065	3077	3089	3065.99	11.7162	
1437623400 	1099	3049	3056	3067	3079	3090	3067.77	11.6146	
1437624000 	1099	3050	3057	3068	3079	3091	3068.35	11.5738	
1437624600 	1099	3050	3058	3068	3080	3091	3068.99	11.5741	
1437625200 	1099	3052	3058	3068	3081	3092	3069.55	11.6109	
1437625800 	1099	3052	3059	3070	3082	3093	3070.38	11.5333	
1437626400 	1099	3052	3060	3070	3082	3093	3070.89	11.4473	
1437627000 	1099	3051	3060	3070	3082	3094	3071.29	11.5478	
1437627600 	1099	3053	3061	3071	3083	3095	3072.02	11.5852	
1437628200 	1098	3053	3061	3072	3084	3097	3072.78	11.5508	
1437628800 	1098	3054	3062	3072	3084	3095	3072.98	11.5842	
1437629400 	1099	3054	3062	3072	3084	3096	3073.42	11.5121	
1437630000 	1099	3054	3062	3073	3085	3096	3073.94	11.8391	
1437630600 	1099	3055	3063	3073	3086	3098	3074.43	11.5821	
1437631200 	1099	3055	3063	3073	3086	3096	3074.45	11.6053	
1437631800 	1099	3056	3063	3073	3086	3096	3074.68	11.6347	
1437632400 	1099	3056	3064	3074	3087	3098	3075.19	11.736	
1437633000 	1099	3057	3064	3075	3087	3098	3075.74	11.678	
1437633600 	1099	3057	3064	3075	3087	3098	3075.94	11.5828	
1437634200 	1099	3057	3065	3076	3087	3098	3076.11	11.6293	
1437634800 	1099	3057	3064	3076	3088	3099	3076.43	11.8804	
1437635400 	1099	3058	3066	3076	3089	3099	3076.95	11.7344	
1437636000 	1099	3058	3065	3076	3089	3099	3077.06	11.6592	
1437636600 	1099	3058	3065	3076	3089	3100	3077.29	11.8387	
1437637200 	1099	3058	3066	3076	3089	3100	3077.16	11.7346	
1437637800 	1098	3057	3066	3077	3089	3101	3077.77	11.7056	
1437638400 	1098	3060	3067	3077	3090	3100	3078.09	11.6974	
1437639000 	1098	3058	3067	3077	3089	3101	3078.16	11.7589	
1437639600 	1098	3059	3067	3077.5	3090	3101	3078.52	11.7919	
1437640200 	1099	3059	3067	3078	3091	3101	3078.71	11.7008	
1437640800 	1099	3060	3067	3078	3090	3100	3078.68	11.7182	
1437641400 	1099	3060	3067	3077	3091	3101	3078.91	11.7263	
1437642000 	1099	3061	3067	3078	3091	3101	3079.28	11.8337	
1437642600 	1099	3060	3067	3078	3091	3101	3079.33	11.9903	
1437643200 	1099	3060	3067	3078	3091	3101	3079.3	11.9671	
1437643800 	1099	3061	3068	3078	3092	3104	3079.64	11.989	
1437644400 	1099	3060	3068	3078	3092	3103	3079.72	11.996	
1437645000 	1099	3060	3068	3079	3092	3103	3079.83	12.0912	
1437645600 	1099	3061	3068	3079	3092	3103	3079.94	12.03	
1437646200 	1099	3060	3068	3079	3092	3103	3079.94	12.0258	
1437646800 	1099	3061	3068	3079	3091	3103	3079.83	11.9004	
1437647400 	1099	3060	3068	3079	3092	3102	3080	11.9441	
1437648000 	1099	3060	3068	3080	3092	3103	3080.23	11.9615	
1437648600 	1098	3061	3068	3080	3093	3103	3080.47	12.0343	
1437649200 	1098	3060	3068	3079	3092	3103	3080.38	12.0495	
1437649800 	1098	3061	3069	3080	3093	3103	3080.62	11.9805	
1437650400 	1098	3061	3069	3080	3093	3103	3080.66	11.9376	
1437651000 	1098	3061	3069	3081	3093	3104	3080.93	12.1901	
1437651600 	1098	3061	3069	3081	3093	3104	3081.22	12.1624	
1437652200 	1098	3061	3069	3080	3093	3104	3081.06	12.2863	
1437652800 	1098	3061	3069	3081	3093	3103	3081.21	12.2942	
1437653400 	1099	3062	3069	3081	3093	3104	3081.37	12.2015	
1437654000 	1099	3062	3070	3081	3093	3104	3081.48	12.2844	
1437654600 	1099	3062	3069	3081	3094	3104	3081.36	12.3172	
1437655200 	1099	3061	3069	3081	3094	3104	3081.64	12.3833	
1437655800 	1098	3061	3069	3081	3093	3105	3081.32	12.2392	
1437656400 	1098	3061	3069	3080.5	3093	3104	3080.94	12.2984	
1437657000 	1098	3062	3069	3081	3093	3104	3080.95	12.2141	
1437657600 	1098	3061	3068	3080	3093	3107	3080.45	12.2117	
1437658200 	1099	3060	3068	3080	3092	3102	3080.21	12.0945	
1437658800 	1099	3060	3068	3080	3092	3102	3080.23	11.8524	
1437659400 	1099	3060	3068	3079	3091	3105	3079.63	11.7265	
1437660000 	1099	3060	3068	3079	3091	3103	3079.42	11.7746	
1437660600 	1099	3060	3068	3079	3091	3102	3079.51	11.7906	
1437661200 	1099	3060	3068	3079	3091	3103	3079.64	11.8343	
1437661800 	1099	3060	3067	3079	3091	3103	3079.17	11.7089	
1437662400 	1098	3060	3067	3078	3091	3101	3079.04	11.8828	
1437663000 	1098	3059	3067	3076	3088	3098	3077.45	11.2321	
1437663600 	1098	3057	3066	3076	3088	3098	3076.43	11.3131	
1437664200 	1098	3057	3065	3075	3088	3098	3076.03	11.8578	
1437664800 	1099	3056	3064	3074	3087	3097	3075.32	11.6568	
1437665400 	1099	3055	3063	3073	3086	3097	3074.37	11.7357	
1437666000 	1099	3055	3062	3072	3083	3094	3072.95	10.857	
1437666600 	1099	3055	3062	3071	3084	3095	3072.77	11.1642	
1437667200 	1099	3053	3061	3071	3083	3100	3072.34	11.187	
1437667800 	1099	3053	3061	3071	3083	3094	3071.87	11.2367	
1437668400 	1099	3053	3061	3070	3083	3093	3071.69	11.2507	
1437669000 	1099	3054	3061	3071	3083	3094	3071.95	11.1616	
1437669600 	1099	3053	3060	3070	3082	3093	3071.37	11.114	
1437670200 	1099	3053	3060	3070	3082	3093	3071.01	11.2059	
1437670800 	1099	3053	3060	3070	3083	3093	3071.44	11.2392	
1437671400 	1099	3053	3061	3071	3084	3094	3072.01	11.1375	
1437672000 	1099	3054	3061	3071	3083	3094	3072.04	11.1371	
1437672600 	1099	3052	3061	3071	3083	3094	3072.2	11.3144	
1437673200 	1099	3055	3062	3071	3084	3097	3072.47	11.1512	
1437673800 	1099	3054	3061	3071	3084	3095	3072.46	11.3297	
1437674400 	1099	3055	3061	3071	3084	3096	3072.27	11.1125	
1437675000 	1099	3054	3061	3071	3084	3093	3072.46	11.1242	
1437675600 	1099	3055	3062	3072	3084	3095	3073.14	11.1534	
1437676200 	1099	3055	3062	3072	3084	3095	3072.92	11.217	
1437676800 	1099	3053	3061	3070	3083	3094	3071.56	11.113	
1437677400 	1099	3052	3060	3070	3081	3093	3070.73	11.2722	
1437678000 	1098	3053	3060	3070	3082	3093	3070.77	11.3084	
1437678600 	1098	3052	3059	3069	3081	3092	3070.25	11.2844	
1437679200 	1098	3052	3059	3069	3081	3093	3070.06	11.1828	
1437679800 	1098	3052	3060	3070	3082	3093	3070.57	11.3437	
1437680400 	1099	3051	3059	3069	3081	3091	3069.87	11.1756	
1437681000 	1099	3052	3059	3069	3080	3092	3069.57	11.255	
1437681600 	1099	3051	3058	3068	3080	3091	3069.03	11.2321	
1437682200 	1099	3050	3057	3068	3080	3090	3068.41	11.2479	
1437682800 	1099	3050	3058	3068	3080	3090	3068.74	11.3071	
1437683400 	1099	3050	3057	3068	3079	3090	3068.19	11.431	
1437684000 	1099	3049	3057	3067	3079	3090	3068.2	11.1965	
1437684600 	1099	3049	3057	3068	3080	3091	3068.36	11.5393	
1437685200 	1099	3051	3058	3068	3080	3092	3069.23	11.3586	
1437685800 	1099	3051	3058	3069	3080	3093	3069.13	11.3735	
1437686400 	1098	3049	3057	3068	3080	3090	3068.62	11.3512	
1437687000 	1098	3050	3057	3067	3079	3090	3068.35	11.4829	
1437687600 	1099	3051	3057	3068	3079	3090	3068.41	11.3522	
1437688200 	1097	3050	3057	3067	3078	3090	3067.84	11.2767	
1437688800 	1098	3048	3056	3067	3078	3090	3067.74	11.4594	
1437689400 	1099	3048	3056	3066	3079	3090	3067.59	11.5132	
1437690000 	1099	3050	3058	3069	3080	3091	3069	11.411	
1437690600 	1099	3050	3057	3068	3079	3091	3068.65	11.4979	
1437691200 	1099	3049	3057	3067	3079	3090	3067.99	11.6581	
1437691800 	1099	3048	3056	3067	3079	3090	3067.69	11.767	
1437692400 	1099	3048	3057	3067	3079	3091	3068.08	11.6305	
1437693000 	1099	3049	3057	3067	3080	3090	3068.44	11.5975	
1437693600 	1099	3050	3057	3067	3080	3091	3068.55	11.5295	
1437694200 	1099	3050	3058	3068	3080	3091	3068.77	11.5464	
1437694800 	1098	3052	3058	3069	3081	3092	3069.81	11.4366	
1437695400 	1098	3051	3058	3069	3081	3092	3069.58	11.5603	
1437696000 	1098	3051	3058	3069	3081	3091	3069.49	11.5816	
1437696600 	1099	3051	3058	3069	3080	3092	3069.36	11.3981	
1437697200 	1099	3051	3059	3068	3081	3095	3069.36	11.3441	
1437697800 	1099	3049	3057	3067	3079	3091	3068	11.4672	
1437698400 	1099	3049	3056	3066	3078	3090	3067.09	11.3604	
1437699000 	1099	3048	3055	3066	3078	3090	3066.86	11.6736	
1437699600 	1099	3047	3056	3067	3078	3090	3067.41	11.7027	
1437700200 	1099	3048	3055	3066	3077	3090	3066.94	11.6793	
1437700800 	1099	3048	3055	3066	3078	3090	3066.85	11.7293	
1437701400 	1098	3047	3055	3066	3078	3090	3066.7	11.7606	
1437702000 	1098	3048	3056	3066	3079	3090	3067.41	11.7724	
1437702600 	1098	3048	3056	3066	3078	3090	3067.04	11.6907	
1437703200 	1099	3047	3055	3065	3078	3089	3066.77	11.733	
1437703800 	1099	3047	3055	3066	3078	3090	3066.93	11.8495	
1437704400 	1099	3048	3056	3066	3079	3090	3067.56	11.7016	
1437705000 	1099	3048	3056	3067	3079	3092	3067.39	11.8974	
1437705600 	1099	3048	3055	3066	3079	3090	3067	11.979	
1437706200 	1099	3047	3055	3066	3078	3090	3066.84	11.9144	
1437706800 	1099	3049	3056	3067	3079	3090	3067.76	11.7126	
1437707400 	1099	3048	3056	3067	3079	3090	3067.42	11.6583	
1437708000 	1099	3048	3056	3066	3078	3090	3067.13	11.716	
1437708600 	1099	3047	3055	3066	3078	3090	3067.23	11.9152	
1437709200 	1099	3048	3057	3067	3079	3090	3067.79	11.7519	
1437709800 	1099	3049	3056	3066	3079	3090	3067.59	11.7838	
1437710400 	1099	3047	3056	3067	3078	3091	3067.51	11.8491	
1437711000 	1097	3049	3057	3067	3079	3091	3067.94	11.6487	
1437711600 	1099	3047	3056	3067	3079	3090	3067.88	11.8811	
1437712200 	1099	3049	3056	3067	3079	3092	3067.98	11.8802	
1437712800 	1099	3049	3059	3069	3081	3093	3069.92	11.7168	
1437713400 	1099	3050	3059	3069	3082	3093	3070.39	11.757	
1437714000 	1099	3052	3060	3070	3083	3094	3070.98	11.8237	
1437714600 	1099	3052	3061	3071	3083	3097	3071.78	11.575	
1437715200 	1099	3052	3060	3071	3083	3095	3071.93	11.603	
1437715800 	1099	3054	3062	3072	3084	3096	3073.07	11.6479	
1437716400 	1099	3053	3062	3072	3085	3096	3073.41	11.6616	
1437717000 	1099	3053	3062	3073	3085	3096	3073.74	11.6007	
1437717600 	1099	3055	3063	3073	3086	3097	3074.7	11.5078	
1437718200 	1099	3055	3063	3074	3086	3097	3074.91	11.5117	
1437718800 	1099	3056	3063	3074	3086	3099	3074.96	11.537	
1437719400 	1099	3056	3064	3075	3087	3097	3075.73	11.689	
1437720000 	1099	3058	3065	3075	3088	3099	3076.09	11.5982	
1437720600 	1098	3058	3065	3076	3088	3098	3076.62	11.7549	
1437721200 	1099	3058	3065	3076	3088	3106	3076.89	11.7436	
1437721800 	1099	3058	3065	3076	3089	3099	3077.2	11.732	
1437722400 	1099	3059	3066	3077	3089	3099	3077.71	11.7079	
1437723000 	1099	3058	3066	3077	3090	3100	3077.96	11.847	
1437723600 	1099	3060	3066	3077	3090	3103	3078.35	11.7389	
1437724200 	1098	3060	3066	3077	3090	3100	3078.37	11.8542	
1437724800 	1099	3060	3067	3078	3091	3101	3078.62	11.8072	
1437725400 	1099	3060	3067	3078	3091	3101	3078.78	11.8345	
1437726000 	1099	3061	3068	3078	3091	3101	3079.17	11.8689	
1437726600 	1099	3060	3067	3078	3091	3102	3079.21	11.853	
1437727200 	1099	3060	3067	3078	3092	3102	3079.45	11.9758	
1437727800 	1099	3060	3068	3079	3092	3107	3079.65	12.0096	
1437728400 	1099	3060	3068	3079	3092	3102	3079.79	12.0471	
1437729000 	1099	3061	3068	3079	3092	3102	3080.1	11.9844	
1437729600 	1099	3061	3069	3079	3092	3102	3080.25	11.9665	
1437730200 	1098	3061	3068	3080	3092	3105	3080.44	12.003	
1437730800 	1098	3061	3069	3080	3092	3103	3080.55	12.029	
1437731400 	1098	3060	3069	3080	3093	3104	3080.67	12.0014	
1437732000 	1099	3061	3069	3080	3093	3103	3081.02	12.2246	
1437732600 	1099	3061	3069	3080	3093	3104	3080.91	12.0353	
1437733200 	1099	3060	3070	3081	3093	3104	3081.15	12.1965	
1437733800 	1099	3061	3069	3081	3093	3103	3081.25	12.1899	
1437734400 	1099	3061	3069	3081	3093	3107	3081.24	12.299	
1437735000 	1099	3061	3069	3081	3093	3104	3081.3	12.253	
1437735600 	1099	3061	3070	3081	3094	3105	3081.45	12.2295	
1437736200 	1099	3061	3070	3081	3093	3104	3081.6	12.1309	
1437736800 	1099	3061	3070	3081	3093	3105	3081.68	12.1268	
1437737400 	1099	3062	3070	3081	3094	3111	3081.98	12.2493	
1437738000 	1099	3062	3070	3082	3094	3105	3082.04	12.2626	
1437738600 	1099	3063	3070	3081	3093	3104	3081.77	11.9499	
1437739200 	1099	3063	3070	3081	3094	3105	3081.83	12.088	
1437739800 	1099	3061	3070	3081	3093	3103	3081.44	11.9871	
1437740400 	1098	3062	3069	3081	3093	3104	3081.09	12.1136	
1437741000 	1098	3061	3069	3080	3093	3104	3081.15	12.0949	
1437741600 	1098	3061	3069	3081	3093	3105	3081.14	12.2479	
1437742200 	1099	3061	3069	3081	3093	3105	3081.16	12.1062	
1437742800 	1099	3061	3069	3081	3093	3103	3080.9	12.0386	
1437743400 	1099	3061	3069	3080	3093	3103	3081.02	12.1006	
1437744000 	1099	3062	3069	3080	3093	3103	3081.01	12.0699	
1437744600 	1099	3061	3069	3081	3093	3103	3081.2	12.1352	
1437745200 	1099	3062	3069	3081	3093	3105	3081.12	12.0859	
1437745800 	1098	3061	3069	3081	3093	3108	3081.23	12.077	
1437746400 	1098	3061	3069	3080	3093	3104	3081.16	11.9479	
1437747000 	1099	3062	3069	3080	3093	3103	3080.9	11.9909	
1437747600 	1099	3062	3069	3081	3093	3104	3080.94	12.0338	
1437748200 	1099	3061	3069	3080	3093	3105	3080.84	11.9236	
1437748800 	1099	3062	3070	3081	3093	3103	3081.06	12.1638	
1437749400 	1099	3061	3069	3080	3093	3104	3081.11	12.0788	
1437750000 	1098	3061	3069	3080.5	3093	3103	3080.99	12.1433	
1437750600 	1098	3062	3069	3081	3093	3104	3081.05	12.0149	
1437751200 	1098	3062	3069	3081	3093	3104	3080.97	12.055	
1437751800 	1099	3061	3069	3081	3093	3103	3081.06	12.0277	
1437752400 	1099	3062	3069	3080	3093	3103	3080.88	11.9734	
1437753000 	1099	3062	3068	3080	3093	3103	3080.42	11.8974	
1437753600 	1099	3061	3068	3080	3092	3103	3080.04	11.9395	
1437754200 	1098	3060	3068	3079.5	3091	3101	3079.74	11.8555	
1437754800 	1098	3060	3068	3078	3091	3101	3079.22	11.6992	
1437755400 	1098	3060	3068	3078.5	3091	3101	3079.33	11.7253	
1437756000 	1098	3060	3068	3079	3091	3101	3079.36	11.7409	
1437756600 	1098	3060	3067	3077	3090	3100	3078.36	11.6667	
1437757200 	1097	3059	3067	3076	3090	3099	3077.67	11.6211	
1437757800 	1099	3059	3066	3077	3089	3100	3077.41	11.5079	
1437758400 	1098	3057	3065	3076	3088	3124	3076.43	11.5571	
1437759000 	1098	3056	3064	3074.5	3087	3098	3075.58	11.573	
1437759600 	1099	3055	3064	3073	3086	3101	3074.78	11.6837	
1437760200 	1099	3055	3063	3073	3086	3096	3074.32	11.398	
1437760800 	1099	3055	3063	3073	3086	3096	3074.18	11.5144	
1437761400 	1099	3055	3063	3073	3086	3097	3074.11	11.6206	
1437762000 	1099	3054	3063	3073	3085	3096	3074.2	11.5333	
1437762600 	1099	3055	3062	3072	3085	3096	3073.71	11.5041	
1437763200 	1099	3053	3062	3072	3085	3096	3073.02	11.537	
1437763800 	1099	3053	3061	3072	3084	3096	3072.61	11.6601	
1437764400 	1099	3053	3061	3071	3084	3097	3072.39	11.3819	
1437765000 	1099	3053	3061	3071	3083	3096	3072.12	11.353	
1437765600 	1099	3053	3060	3071	3083	3094	3071.7	11.4093	
1437766200 	1099	3053	3060	3071	3083	3095	3071.63	11.4309	
1437766800 	1099	3054	3061	3071	3084	3094	3072.18	11.3757	
1437767400 	1099	3054	3061	3071	3083	3095	3072.05	11.3082	
1437768000 	1099	3053	3061	3071	3083	3093	3071.8	11.3301	
1437768600 	1099	3053	3061	3071	3083	3095	3071.76	11.4316	
1437769200 	1099	3053	3061	3071	3083	3095	3072.32	11.4117	
1437769800 	1099	3053	3061	3071	3083	3094	3071.85	11.3709	
1437770400 	1099	3054	3061	3071	3083	3095	3072.05	11.3345	
1437771000 	1099	3052	3060	3071	3083	3094	3071.42	11.5094	
1437771600 	1099	3053	3060	3070	3082	3093	3071.37	11.3936	
1437772200 	1098	3052	3060	3070	3081	3094	3070.65	11.2181	
1437772800 	1098	3052	3059	3069	3081	3093	3070.35	11.3456	
1437773400 	1098	3051	3059	3069	3081	3093	3069.9	11.3343	
1437774000 	1098	3051	3059	3070	3081	3092	3070.28	11.4482	
1437774600 	1099	3050	3059	3069	3081	3092	3069.84	11.2962	
1437775200 	1099	3051	3059	3069	3081	3093	3069.88	11.3462	
1437775800 	1099	3053	3059	3069	3081	3098	3070.42	11.3412	
1437776400 	1099	3052	3060	3070	3081	3092	3070.53	11.1867	
1437777000 	1099	3052	3059	3070	3081	3093	3070.41	11.2991	
1437777600 	1099	3052	3059	3069	3081	3092	3070.02	11.3222	
1437778200 	1099	3052	3060	3071	3082	3093	3070.74	11.3071	
1437778800 	1099	3053	3061	3071	3083	3094	3071.76	11.2544	
1437779400 	1099	3054	3061	3071	3084	3095	3072.41	11.405	
1437780000 	1098	3054	3062	3071.5	3084	3096	3072.93	11.2113	
1437780600 	1098	3054	3062	3072	3085	3095	3073.39	11.3274	
1437781200 	1098	3055	3063	3073	3085	3096	3074.21	11.2453	
1437781800 	1099	3057	3064	3073	3085	3098	3074.58	11.147	
1437782400 	1099	3057	3064	3074	3086	3097	3074.74	11.1073	
1437783000 	1099	3057	3064	3074	3086	3098	3075.01	11.1424	
1437783600 	1099	3057	3065	3074	3086	3096	3075.68	11.0152	
1437784200 	1099	3058	3065	3075	3086	3098	3075.79	11.0338	
1437784800 	1099	3058	3065	3075	3087	3096	3075.82	11.1656	
1437785400 	1099	3058	3065	3075	3087	3097	3076.16	11.0637	
1437786000 	1099	3059	3065	3075	3087	3097	3076.44	10.9962	
1437786600 	1099	3059	3066	3076	3087	3098	3076.54	11.0853	
1437787200 	1099	3058	3066	3076	3087	3100	3076.68	11.136	
1437787800 	1099	3058	3066	3076	3088	3097	3076.95	11.2629	
1437788400 	1098	3059	3067	3077	3088	3100	3077.52	11.2869	
1437789000 	1098	3059	3066	3076	3088	3099	3077.21	11.1345	
1437789600 	1099	3058	3066	3077	3089	3098	3077.4	11.2288	
1437790200 	1099	3059	3067	3077	3089	3101	3077.82	11.4935	
1437790800 	1099	3059	3067	3077	3089	3107	3078.15	11.3493	
1437791400 	1099	3059	3067	3077	3090	3099	3078.18	11.5663	
1437792000 	1099	3060	3067	3077	3090	3099	3078.08	11.4205	
1437792600 	1099	3059	3067	3077	3090	3101	3078.19	11.4844	
1437793200 	1099	3059	3067	3078	3090	3101	3078.5	11.6432	
1437793800 	1099	3060	3067	3077	3090	3100	3078.13	11.5502	
1437794400 	1099	3058	3066	3077	3089	3100	3077.56	11.4539	
1437795000 	1099	3058	3065	3076	3088	3098	3076.56	11.3408	
1437795600 	1099	3057	3065	3075	3087	3097	3075.78	11.2579	
1437796200 	1099	3056	3064	3074	3086	3097	3074.96	11.2718	
1437796800 	1099	3056	3063	3073	3085	3096	3074.38	11.2667	
1437797400 	1098	3055	3063	3073	3085	3096	3074.1	11.2861	
1437798000 	1098	3056	3063	3073	3085	3096	3073.84	11.2627	
1437798600 	1097	3054	3063	3072	3085	3095	3073.42	11.2762	
1437799200 	1098	3054	3062	3072	3084	3095	3073.17	11.413	
1437799800 	1099	3053	3062	3072	3084	3095	3073.15	11.3676	
1437800400 	1099	3053	3062	3072	3084	3095	3073.15	11.3923	
1437801000 	1099	3054	3062	3072	3084	3094	3072.9	11.3002	
1437801600 	1099	3054	3061	3072	3084	3094	3072.63	11.3703	
1437802200 	1099	3054	3062	3072	3084	3096	3072.8	11.5534	
1437802800 	1099	3054	3062	3072	3084	3094	3072.81	11.4558	
1437803400 	1099	3053	3062	3071	3084	3095	3072.72	11.4315	
1437804000 	1099	3053	3061	3072	3084	3095	3072.61	11.3288	
1437804600 	1099	3053	3062	3071	3084	3095	3072.89	11.4362	
1437805200 	1099	3056	3063	3072	3085	3095	3073.78	11.191	
1437805800 	1099	3056	3063	3073	3085	3096	3074.18	11.2489	
1437806400 	1099	3056	3063	3073	3086	3096	3074.48	11.2849	
1437807000 	1099	3056	3064	3074	3086	3098	3075.22	11.4935	
1437807600 	1098	3058	3065	3075	3087	3098	3075.78	11.3072	
1437808200 	1097	3057	3065	3075	3087	3098	3075.92	11.3368	
1437808800 	1098	3058	3065	3075	3087	3098	3076.09	11.371	
1437809400 	1099	3058	3065	3076	3088	3099	3076.55	11.4603	
1437810000 	1099	3059	3066	3076	3089	3099	3077.17	11.5466	
1437810600 	1099	3059	3066	3076	3089	3099	3077.27	11.5382	
1437811200 	1099	3058	3066	3077	3089	3100	3077.42	11.6537	
1437811800 	1099	3060	3066	3077	3089	3100	3077.96	11.6552	
1437812400 	1099	3059	3067	3077	3090	3101	3078.12	11.7475	
1437813000 	1099	3059	3067	3077	3090	3101	3078.2	11.8294	
1437813600 	1099	3059	3067	3078	3090	3100	3078.42	11.7968	
1437814200 	1099	3059	3067	3077	3090	3101	3078.69	11.7084	
1437814800 	1099	3059	3067	3078	3090	3101	3078.57	11.741	
1437815400 	1099	3060	3067	3078	3090	3105	3078.87	11.7264	
1437816000 	1098	3059	3067	3078	3090	3102	3079.11	11.8026	
1437816600 	1098	3060	3067	3078	3091	3101	3079.34	11.979	
1437817200 	1098	3060	3068	3079	3091	3101	3079.45	11.8486	
1437817800 	1098	3060	3068	3078	3091	3101	3079.28	11.8242	
1437818400 	1098	3060	3068	3079	3091	3103	3079.67	11.9264	
1437819000 	1098	3061	3068	3079	3091	3102	3079.76	11.8448	
1437819600 	1098	3061	3068	3079	3091	3103	3079.73	11.941	
1437820200 	1099	3061	3068	3079	3091	3103	3080.02	11.9442	
1437820800 	1099	3060	3068	3079	3092	3104	3080.06	11.7272	
1437821400 	1099	3061	3068	3080	3092	3103	3080.22	11.8214	
1437822000 	1099	3061	3069	3079	3092	3105	3080.2	11.7621	
1437822600 	1099	3061	3069	3079	3091	3103	3080.24	11.7149	
1437823200 	1099	3061	3069	3080	3092	3102	3080.42	11.773	
1437823800 	1099	3061	3069	3080	3092	3103	3080.49	11.808	
1437824400 	1099	3061	3069	3080	3093	3105	3080.81	12.0135	
1437825000 	1099	3062	3069	3080	3092	3104	3080.82	11.9332	
1437825600 	1098	3062	3069	3080	3093	3103	3080.81	11.87	
1437826200 	1098	3061	3069	3080	3092	3104	3080.87	11.7856	
1437826800 	1098	3061	3069	3080	3092	3104	3080.65	11.826	
1437827400 	1098	3062	3069	3080	3092	3105	3080.77	11.9967	
1437828000 	1099	3061	3069	3080	3092	3103	3080.58	11.8471	
1437828600 	1099	3061	3069	3079	3092	3104	3080.39	11.8628	
1437829200 	1099	3061	3068	3080	3092	3103	3080.19	11.6198	
1437829800 	1099	3062	3068	3080	3092	3103	3080.41	11.788	
1437830400 	1099	3061	3069	3080	3092	3103	3080.48	11.763	
1437831000 	1099	3061	3069	3080	3092	3104	3080.6	11.6717	
1437831600 	1099	3062	3069	3080	3093	3104	3080.96	12.0734	
1437832200 	1099	3062	3069	3080	3093	3104	3081.02	11.8251	
1437832800 	1099	3062	3070	3080	3093	3103	3081.11	11.7712	
1437833400 	1099	3061	3069	3080	3093	3104	3081.19	11.8678	
1437834000 	1099	3061	3070	3080	3093	3104	3081.21	11.8068	
1437834600 	1099	3063	3070	3080	3092	3103	3081	11.7182	
1437835200 	1099	3063	3069	3080	3093	3104	3081.1	11.8433	
1437835800 	1098	3063	3069	3080	3093	3104	3081.03	11.8534	
1437836400 	1098	3061	3069	3080	3092	3103	3080.97	11.8046	
1437837000 	1097	3062	3069	3080	3092	3105	3080.67	11.6948	
1437837600 	1099	3061	3069	3080	3091	3101	3079.96	11.4129	
1437838200 	1099	3060	3067	3079	3090	3100	3078.74	11.4959	
1437838800 	1099	3060	3066	3077	3088	3099	3077.69	11.2292	
1437839400 	1099	3058	3066	3077	3088	3099	3077.36	11.3849	
1437840000 	1099	3058	3066	3076	3088	3098	3076.99	11.3795	
1437840600 	1098	3057	3065	3076	3087	3099	3076.51	11.485	
1437841200 	1098	3057	3065	3075	3087	3098	3076.19	11.5499	
1437841800 	1099	3057	3065	3076	3087	3097	3076.08	11.2439	
1437842400 	1099	3057	3065	3076	3087	3097	3076.05	11.2908	
1437843000 	1099	3057	3065	3075	3087	3097	3075.89	11.2131	
1437843600 	1099	3058	3065	3076	3088	3101	3076.44	11.4283	
1437844200 	1099	3058	3065	3076	3087	3100	3076.71	11.3235	
1437844800 	1099	3059	3065	3076	3087	3098	3076.43	11.2262	
1437845400 	1099	3058	3066	3076	3088	3099	3076.66	11.2267	
1437846000 	1097	3058	3066	3076	3087	3099	3076.5	11.1485	
1437846600 	1099	3057	3065	3075	3087	3099	3076.14	11.3203	
1437847200 	1099	3056	3065	3074	3086	3097	3075.58	11.244	
1437847800 	1098	3058	3065	3075	3087	3098	3075.72	11.205	
1437848400 	1098	3058	3065	3076	3087	3098	3076.17	11.3055	
1437849000 	1098	3057	3065	3075	3087	3097	3075.74	11.035	
1437849600 	1099	3057	3065	3075	3087	3098	3076.12	11.169	
1437850200 	1099	3059	3066	3076	3087	3103	3076.55	11.1125	
1437850800 	1099	3058	3066	3076	3087	3097	3076.42	11.2494	
1437851400 	1099	3058	3065	3076	3087	3098	3076.41	11.1522	
1437852000 	1099	3058	3066	3076	3088	3100	3077.12	11.4045	
1437852600 	1099	3059	3066	3076	3089	3099	3077.13	11.3748	
1437853200 	1099	3059	3066	3076	3088	3100	3077.25	11.3514	
1437853800 	1099	3059	3066	3077	3089	3099	3077.49	11.4195	
1437854400 	1098	3059	3067	3077	3089	3100	3077.91	11.364	
1437855000 	1098	3059	3066	3077	3089	3100	3077.9	11.49	
1437855600 	1098	3059	3066	3077	3090	3100	3077.95	11.5235	
1437856200 	1099	3060	3067	3078	3090	3102	3078.51	11.5326	
1437856800 	1099	3060	3067	3078	3090	3100	3078.59	11.4715	
1437857400 	1099	3059	3067	3078	3090	3100	3078.54	11.5385	
1437858000 	1099	3060	3067	3077	3090	3100	3078.58	11.4717	
1437858600 	1099	3060	3067	3078	3090	3101	3078.57	11.4537	
1437859200 	1099	3060	3067	3078	3090	3102	3078.44	11.287	
1437859800 	1099	3060	3067	3078	3090	3101	3078.63	11.5044	
1437860400 	1099	3059	3067	3078	3090	3099	3078.7	11.4053	
1437861000 	1099	3059	3067	3077	3089	3100	3078.05	11.3858	
1437861600 	1099	3057	3066	3075	3088	3100	3076.83	11.5709	
1437862200 	1099	3060	3067	3077	3090	3100	3078.34	11.5323	
1437862800 	1099	3060	3067	3078	3090	3100	3078.6	11.4151	
1437863400 	1097	3061	3067	3078	3091	3101	3078.81	11.6148	
1437864000 	1098	3060	3068	3078	3091	3101	3079.12	11.548	
1437864600 	1098	3060	3068	3079	3091	3101	3079.34	11.5949	
1437865200 	1099	3061	3068	3079	3091	3102	3079.66	11.7144	
1437865800 	1099	3060	3068	3079	3091	3104	3079.49	11.5327	
1437866400 	1099	3061	3068	3079	3091	3101	3079.4	11.7893	
1437867000 	1099	3061	3068	3079	3091	3104	3079.64	11.6006	
1437867600 	1099	3060	3068	3079	3091	3102	3079.41	11.634	
1437868200 	1099	3061	3068	3079	3091	3103	3079.61	11.6124	
1437868800 	1099	3061	3068	3079	3091	3103	3079.51	11.6335	
1437869400 	1099	3060	3067	3078	3090	3101	3078.71	11.5116	
1437870000 	1099	3060	3067	3078	3091	3100	3079	11.6414	
1437870600 	1099	3060	3067	3078	3090	3101	3079.02	11.5196	
1437871200 	1099	3060	3067	3078	3091	3101	3078.9	11.5248	
1437871800 	1099	3060	3068	3079	3090	3103	3079.04	11.4024	
1437872400 	1098	3060	3067	3079	3091	3101	3079.12	11.4977	
1437873000 	1098	3061	3068	3079	3091	3101	3079.47	11.5197	
1437873600 	1098	3061	3068	3078	3091	3102	3079.35	11.5666	
1437874200 	1098	3060	3068	3078	3091	3101	3079.48	11.7066	
1437874800 	1099	3060	3068	3079	3091	3103	3079.24	11.6911	
1437875400 	1099	3060	3068	3078	3091	3101	3078.97	11.6555	
1437876000 	1099	3059	3068	3078	3091	3101	3079.04	11.747	
1437876600 	1099	3060	3067	3078	3090	3100	3078.86	11.7386	
1437877200 	1099	3061	3067	3078	3090	3102	3078.85	11.6716	
1437877800 	1099	3060	3067	3078	3090	3102	3078.82	11.5889	
1437878400 	1099	3060	3067	3078	3090	3100	3078.44	11.6151	
1437879000 	1099	3060	3067	3078	3090	3101	3078.29	11.6493	
1437879600 	1099	3059	3067	3077	3089	3099	3077.86	11.5379	
1437880200 	1099	3059	3066	3077	3089	3099	3077.35	11.5182	
1437880800 	1099	3057	3066	3077	3089	3100	3077.24	11.5582	
1437881400 	1099	3058	3065	3076	3088	3100	3076.86	11.6149	
1437882000 	1099	3058	3065	3076	3088	3099	3076.52	11.6108	
1437882600 	1098	3058	3065	3076	3088	3099	3076.64	11.724	
1437883200 	1098	3057	3065	3076	3088	3101	3076.92	11.6437	
1437883800 	1098	3058	3065	3076	3089	3100	3077.35	11.8162	
1437884400 	1098	3059	3066	3077	3090	3099	3077.95	11.8416	
1437885000 	1099	3059	3066	3077	3090	3100	3078.11	11.6939	
1437885600 	1099	3058	3067	3078	3091	3102	3078.53	11.8807	
1437886200 	1099	3061	3067	3078	3091	3101	3079.04	11.8998	
1437886800 	1099	3059	3067	3078	3091	3102	3078.97	11.8275	
1437887400 	1099	3060	3068	3079	3091	3109	3079.51	12.0227	
1437888000 	1099	3061	3068	3079	3091	3102	3079.72	11.939	
1437888600 	1099	3061	3068	3079	3092	3104	3079.95	12.1213	
1437889200 	1099	3061	3069	3080	3092	3102	3080.4	11.9911	
1437889800 	1099	3061	3069	3080	3092	3103	3080.52	12.0652	
1437890400 	1099	3061	3069	3080	3093	3104	3080.89	12.0608	
1437891000 	1099	3061	3069	3080	3093	3104	3081.16	12.2101	
1437891600 	1099	3062	3070	3080	3093	3105	3081.41	12.1687	
1437892200 	1099	3063	3069	3080	3093	3105	3081.38	12.0968	
1437892800 	1099	3062	3069	3081	3094	3105	3081.56	12.4772	
1437893400 	1098	3063	3070	3080	3093	3105	3081.44	12.148	
1437894000 	1098	3061	3069	3081	3093	3105	3081.38	12.1853	
1437894600 	1098	3062	3070	3080	3093	3104	3081.51	12.124	
1437895200 	1098	3063	3070	3080.5	3093	3106	3081.44	12.1273	
1437895800 	1099	3062	3070	3081	3093	3104	3081.58	12.0761	
1437896400 	1099	3063	3070	3081	3093	3105	3081.75	12.1679	
1437897000 	1099	3062	3070	3081	3093	3104	3081.75	12.1082	
1437897600 	1099	3062	3070	3081	3094	3106	3081.99	12.2667	
1437898200 	1099	3063	3070	3081	3094	3105	3082.09	12.2034	
1437898800 	1099	3063	3070	3081	3094	3105	3082.13	12.1673	
1437899400 	1099	3062	3070	3082	3094	3105	3082.27	12.1797	
1437900000 	1099	3063	3071	3082	3094	3107	3082.49	12.3084	
1437900600 	1099	3063	3071	3082	3095	3105	3082.65	12.2782	
1437901200 	1099	3063	3071	3082	3094	3107	3082.65	12.406	
1437901800 	1099	3063	3071	3082	3095	3106	3082.76	12.292	
1437902400 	1099	3062	3071	3082	3095	3106	3083.13	12.4493	
1437903000 	1099	3063	3071	3083	3096	3107	3083.19	12.462	
1437903600 	1099	3063	3071	3082	3096	3107	3083.37	12.5614	
1437904200 	1098	3063	3071	3083	3096	3107	3083.55	12.5896	
1437904800 	1098	3063	3071	3083	3096	3107	3083.68	12.5414	
1437905400 	1098	3063	3071	3083	3096	3107	3083.69	12.5341	
1437906000 	1098	3063	3072	3083	3096	3110	3083.69	12.5923	
1437906600 	1099	3063	3071	3083	3096	3107	3083.77	12.6699	
1437907200 	1099	3063	3072	3083	3096	3109	3084	12.6393	
1437907800 	1099	3062	3071	3083	3097	3108	3084.02	12.6926	
1437908400 	1099	3064	3072	3084	3097	3108	3084.19	12.554	
1437909000 	1099	3063	3072	3084	3097	3108	3084.36	12.5325	
1437909600 	1099	3063	3072	3084	3097	3108	3084.43	12.7139	
1437910200 	1099	3064	3073	3084	3097	3112	3084.63	12.652	
1437910800 	1099	3063	3072	3084	3097	3107	3084.74	12.7249	
1437911400 	1099	3063	3072	3084	3097	3115	3084.76	12.7436	
1437912000 	1099	3064	3072	3084	3097	3109	3084.84	12.7679	
1437912600 	1099	3064	3073	3084	3097	3109	3084.96	12.6507	
1437913200 	1099	3063	3073	3084	3097	3108	3084.78	12.6525	
1437913800 	1098	3064	3072	3084	3097	3112	3084.79	12.6577	
1437914400 	1098	3064	3073	3085	3097	3109	3085.31	12.8601	
1437915000 	1099	3063	3073	3084	3098	3109	3085.17	12.9513	
1437915600 	1099	3064	3073	3085	3097	3109	3085.22	12.6877	
1437916200 	1099	3064	3073	3084	3097	3109	3085.17	12.6108	
1437916800 	1099	3064	3073	3085	3097	3112	3084.95	12.3542	
1437917400 	1099	3064	3072	3084	3096	3109	3084.58	12.5284	
1437918000 	1099	3064	3071	3083	3096	3107	3083.72	12.2726	
1437918600 	1099	3063	3071	3083	3096	3107	3083.29	12.3159	
1437919200 	1099	3063	3071	3082	3094	3111	3082.72	12.2209	
1437919800 	1099	3063	3071	3082	3094	3106	3082.52	12.3006	
1437920400 	1099	3063	3070	3082	3094	3111	3082.25	12.2096	
1437921000 	1099	3062	3070	3081	3094	3105	3081.92	12.1745	
1437921600 	1099	3063	3070	3081	3094	3106	3081.94	12.0868	
1437922200 	1098	3063	3070	3081	3094	3108	3081.92	12.1791	
1437922800 	1099	3063	3070	3081	3094	3105	3081.78	12.137	
1437923400 	1099	3063	3070	3081	3094	3107	3082.17	12.3247	
1437924000 	1099	3062	3070	3081	3094	3105	3081.75	12.2098	
1437924600 	1099	3062	3069	3081	3094	3104	3081.48	12.2173	
1437925200 	1099	3061	3069	3080	3093	3105	3081.32	12.1945	
1437925800 	1099	3062	3070	3080	3093	3104	3081.32	12.1328	
1437926400 	1099	3062	3069	3080	3093	3103	3081.2	12.1172	
1437927000 	1099	3062	3069	3080	3093	3105	3080.99	12.0725	
1437927600 	1099	3062	3069	3080	3093	3104	3080.87	11.9775	
1437928200 	1099	3062	3069	3080	3093	3103	3080.67	11.9885	
1437928800 	1098	3061	3069	3080	3093	3104	3081.17	11.933	
1437929400 	1098	3063	3070	3081	3094	3105	3081.63	12.0846	
1437930000 	1098	3062	3070	3081	3094	3105	3081.95	12.1314	
1437930600 	1098	3063	3070	3082	3095	3106	3082.26	12.2892	
1437931200 	1099	3063	3071	3082	3095	3106	3082.68	12.3131	
1437931800 	1099	3063	3071	3083	3095	3107	3082.95	12.3004	
1437932400 	1099	3063	3071	3083	3095	3106	3083.21	12.3861	
1437933000 	1099	3064	3071	3083	3095	3107	3083.56	12.4875	
1437933600 	1099	3064	3071	3083	3096	3107	3083.74	12.4832	
1437934200 	1099	3063	3072	3083	3096	3108	3084.02	12.5099	
1437934800 	1099	3064	3072	3083	3096	3107	3084.21	12.3455	
1437935400 	1099	3064	3072	3084	3096	3111	3084.32	12.6073	
1437936000 	1099	3065	3072	3084	3096	3108	3084.47	12.4036	
1437936600 	1099	3064	3072	3084	3097	3108	3084.67	12.5315	
1437937200 	1098	3064	3073	3084	3097	3109	3084.88	12.5754	
1437937800 	1099	3065	3073	3084	3097	3112	3084.93	12.6844	
1437938400 	1099	3066	3073	3084	3097	3109	3085.13	12.4663	
1437939000 	1099	3064	3073	3084	3097	3109	3085.31	12.7103	
1437939600 	1099	3065	3073	3085	3097	3109	3085.16	12.3221	
1437940200 	1099	3066	3073	3084	3097	3111	3085.53	12.5827	
1437940800 	1099	3065	3073	3084	3098	3109	3085.53	12.5361	
1437941400 	1099	3065	3073	3085	3098	3110	3085.58	12.6075	
1437942000 	1099	3065	3073	3085	3097	3110	3085.66	12.6965	
1437942600 	1099	3065	3074	3085	3098	3109	3085.95	12.7212	
1437943200 	1099	3066	3073	3085	3098	3110	3085.95	12.7096	
1437943800 	1099	3066	3074	3086	3099	3111	3086.32	12.6995	
1437944400 	1099	3066	3074	3085	3099	3110	3086.07	12.6476	
1437945000 	1099	3066	3073	3085	3098	3109	3085.85	12.4589	
1437945600 	1098	3066	3073	3084.5	3098	3108	3085.68	12.4163	
1437946200 	1098	3066	3073	3084.5	3097	3110	3085.54	12.3884	
1437946800 	1098	3064	3072	3083.5	3096	3107	3084.18	12.2709	
1437947400 	1099	3064	3072	3083	3096	3107	3083.99	12.1135	
1437948000 	1099	3064	3071	3083	3095	3108	3083.56	12.133	
1437948600 	1099	3064	3071	3082	3095	3107	3083.22	12.1704	
1437949200 	1099	3064	3071	3082	3094	3106	3082.95	12.1265	
1437949800 	1099	3064	3070	3082	3094	3105	3082.72	12.2036	
1437950400 	1099	3063	3070	3081	3094	3107	3082.25	12.0267	
1437951000 	1099	3063	3071	3082	3094	3106	3082.57	12.1981	
1437951600 	1099	3064	3070	3082	3094	3106	3082.69	12.1616	
1437952200 	1099	3062	3070	3081	3094	3106	3082.22	12.2249	
1437952800 	1099	3063	3070	3081	3094	3105	3082.07	12.1031	
1437953400 	1099	3062	3070	3081	3093	3104	3081.49	12.0973	
1437954000 	1099	3062	3069	3080	3093	3104	3081.11	11.9994	
1437954600 	1099	3060	3069	3079	3092	3103	3080.41	12.1655	
1437955200 	1099	3060	3068	3079	3092	3104	3080.02	11.9513	
1437955800 	1098	3060	3068	3079	3091	3102	3079.57	11.8519	
1437956400 	1098	3060	3068	3079	3092	3102	3079.4	11.8367	
1437957000 	1098	3060	3067	3078	3091	3100	3079.11	11.6332	
1437957600 	1098	3060	3067	3078	3091	3101	3078.86	11.622	
1437958200 	1099	3060	3067	3078	3091	3106	3078.9	11.7369	
1437958800 	1099	3059	3067	3077	3090	3100	3078.42	11.6974	
1437959400 	1099	3059	3067	3078	3090	3102	3078.58	11.9716	
1437960000 	1099	3058	3067	3078	3091	3101	3078.7	11.7988	
1437960600 	1099	3059	3067	3078	3091	3100	3078.58	11.9033	
1437961200 	1099	3060	3068	3079	3091	3101	3079.22	11.8899	
1437961800 	1099	3060	3068	3078	3091	3102	3079.33	11.7017	
1437962400 	1099	3060	3068	3079	3092	3102	3079.78	11.747	
1437963000 	1099	3061	3068	3079	3091	3102	3079.82	11.7656	
1437963600 	1099	3061	3068	3079	3093	3103	3080.34	12.1263	
1437964200 	1099	3061	3069	3080	3092	3103	3080.26	12.0203	
1437964800 	1099	3061	3069	3080	3093	3103	3080.63	12.0827	
1437965400 	1099	3062	3069	3080	3093	3103	3080.74	12.1295	
1437966000 	1098	3061	3069	3080	3093	3103	3080.63	12.0569	
1437966600 	1098	3059	3068	3080	3093	3103	3080.24	12.204	
1437967200 	1098	3060	3068	3079	3092	3102	3079.88	12.1804	
1437967800 	1098	3060	3068	3078.5	3092	3102	3079.71	12.1308	
1437968400 	1098	3059	3068	3078	3092	3102	3079.54	12.1785	
1437969000 	1099	3060	3067	3078	3092	3103	3079.53	12.1729	
1437969600 	1099	3060	3068	3079	3091	3103	3079.57	12.103	
