1437358800 	1099	3060	3071	3090	3111	3124	3090.16	19.3949	
1437359400 	1099	3060	3070	3090	3110	3121	3089.75	19.3084	
1437360000 	1099	3059	3070	3090	3110	3120	3089.65	19.4287	
1437360600 	1099	3058	3070	3090	3110	3120	3089.22	19.7292	
1437361200 	1099	3058	3069	3090	3110	3121	3089.38	19.803	
1437361800 	1099	3057	3069	3090	3111	3121	3089.57	19.896	
1437362400 	1099	3057	3069	3089	3110	3120	3088.96	19.8552	
1437363000 	1099	3056	3069	3089	3109	3122	3088.83	19.6657	
1437363600 	1099	3058	3069	3090	3110	3121	3089.84	19.9437	
1437364200 	1099	3059	3070	3090	3112	3124	3090.53	19.776	
1437364800 	1099	3061	3070	3090	3112	3124	3090.6	19.6645	
1437365400 	1099	3061	3071	3091	3112	3123	3090.87	19.7638	
1437366000 	1099	3061	3071	3091	3113	3123	3091.58	20.2105	
1437366600 	1099	3062	3071	3092	3113	3123	3091.93	19.9214	
1437367200 	1098	3061	3071	3091	3113	3129	3092	19.9268	
1437367800 	1097	3062	3071	3092	3114	3125	3092.23	19.981	
1437368400 	1098	3062	3072	3093	3115	3127	3092.74	20.3232	
1437369000 	1098	3061	3072	3093	3116	3126	3093.38	20.4439	
1437369600 	1097	3062	3072	3093	3115	3129	3093.48	20.4834	
1437370200 	1098	3062	3073	3093	3116	3128	3093.52	20.2603	
1437370800 	1099	3063	3073	3094	3116	3126	3093.96	20.4579	
1437371400 	1099	3062	3073	3094	3116	3127	3094.1	20.3204	
1437372000 	1099	3064	3072	3093	3115	3126	3093.93	20.1594	
1437372600 	1099	3061	3073	3094	3116	3127	3094.04	20.2917	
1437373200 	1099	3063	3073	3095	3116	3126	3094.34	20.3645	
1437373800 	1099	3064	3073	3094	3116	3126	3094.45	20.3593	
1437374400 	1099	3063	3073	3094	3116	3127	3094.75	20.2285	
1437375000 	1099	3063	3073	3094	3116	3126	3094.57	20.2804	
1437375600 	1099	3064	3073	3095	3117	3130	3095.01	20.4417	
1437376200 	1099	3061	3074	3095	3117	3127	3095.18	20.4227	
1437376800 	1099	3063	3074	3095	3116	3128	3094.98	20.1728	
1437377400 	1099	3065	3074	3095	3116	3126	3095.31	20.3003	
1437378000 	1099	3063	3074	3096	3116	3135	3095.57	20.0943	
1437378600 	1099	3064	3074	3095	3116	3127	3095.29	20.2732	
1437379200 	1099	3065	3074	3096	3117	3131	3095.76	20.4973	
1437379800 	1098	3064	3075	3096	3117	3128	3095.79	20.0559	
1437380400 	1097	3065	3074	3096	3117	3128	3095.84	20.2596	
1437381000 	1098	3063	3074	3096	3117	3129	3095.99	20.3582	
1437381600 	1098	3065	3075	3096	3117	3128	3095.94	20.0137	
1437382200 	1099	3064	3075	3096	3117	3129	3096.04	20.2476	
1437382800 	1099	3065	3075	3097	3118	3129	3096.39	20.377	
1437383400 	1099	3067	3075	3096	3118	3129	3096.64	20.0978	
1437384000 	1099	3066	3075	3097	3118	3129	3096.83	20.5656	
1437384600 	1099	3066	3075	3097	3118	3130	3097.24	20.516	
1437385200 	1099	3062	3075	3097	3118	3133	3097.06	20.4879	
1437385800 	1099	3066	3075	3097	3119	3131	3097.13	20.6312	
1437386400 	1099	3066	3076	3097	3118	3130	3097.41	20.3058	
1437387000 	1099	3067	3076	3097	3118	3131	3097.14	20.3607	
1437387600 	1099	3066	3076	3097	3119	3130	3097.34	20.4284	
1437388200 	1099	3067	3076	3097	3119	3129	3097.45	20.3271	
1437388800 	1099	3067	3076	3097	3119	3130	3097.38	20.41	
1437389400 	1099	3067	3076	3097	3119	3130	3097.56	20.2519	
1437390000 	1099	3067	3076	3097	3119	3130	3097.39	20.1846	
1437390600 	1098	3066	3076	3097	3118	3130	3097.49	20.7105	
1437391200 	1098	3067	3076	3097	3119	3131	3098.11	20.4651	
1437391800 	1098	3067	3076	3097	3119	3130	3097.76	20.4817	
1437392400 	1098	3066	3076	3097.5	3119	3130	3097.89	20.805	
1437393000 	1099	3067	3076	3098	3119	3131	3097.8	20.4502	
1437393600 	1099	3067	3076	3097	3118	3130	3097.37	20.3524	
1437394200 	1099	3063	3076	3097	3119	3130	3097.65	20.6651	
1437394800 	1099	3067	3076	3098	3119	3131	3097.82	20.4023	
1437395400 	1099	3067	3076	3097	3118	3130	3097.63	20.3438	
1437396000 	1099	3067	3076	3097	3120	3132	3098.11	20.8819	
1437396600 	1099	3066	3076	3098	3119	3131	3097.98	20.3434	
1437397200 	1099	3066	3076	3097	3119	3130	3097.79	20.1585	
1437397800 	1099	3067	3077	3098	3118	3130	3097.8	20.2204	
1437398400 	1099	3066	3076	3097	3119	3131	3097.25	20.3848	
1437399000 	1099	3066	3075	3097	3119	3137	3097.24	20.4175	
1437399600 	1099	3066	3076	3096	3118	3130	3096.65	20.2733	
1437400200 	1099	3064	3075	3096	3117	3128	3095.73	20.1016	
1437400800 	1099	3065	3075	3096	3117	3128	3095.58	20.1469	
1437401400 	1099	3064	3074	3095	3117	3129	3095.31	20.0897	
1437402000 	1099	3065	3074	3095	3116	3126	3095.13	20.1937	
1437402600 	1099	3064	3074	3095	3117	3127	3094.93	20.1898	
1437403200 	1099	3064	3074	3095	3116	3127	3095.28	20.0689	
1437403800 	1099	3066	3073	3094	3116	3127	3094.81	20.1526	
1437404400 	1099	3064	3073	3094	3116	3128	3094.64	20.1675	
1437405000 	1099	3064	3074	3094	3116	3127	3094.52	20.1357	
1437405600 	1099	3063	3073	3094	3116	3126	3094.13	19.9604	
1437406200 	1098	3064	3073	3093	3115	3130	3094.19	20.0824	
1437406800 	1098	3063	3073	3094	3115	3125	3093.88	19.8368	
1437407400 	1099	3062	3073	3093	3115	3126	3093.67	19.8973	
1437408000 	1099	3062	3073	3093	3115	3124	3093.36	19.8532	
1437408600 	1099	3062	3072	3091	3112	3125	3091.9	19.3143	
1437409200 	1098	3062	3071	3091	3112	3128	3091.52	19.5064	
1437409800 	1098	3062	3072	3091	3112	3122	3091.4	19.264	
1437410400 	1098	3060	3071	3091	3112	3123	3091.1	19.0839	
1437411000 	1099	3060	3072	3090	3111	3122	3090.77	19.3145	
1437411600 	1099	3061	3071	3090	3111	3122	3090.61	19.2285	
1437412200 	1099	3060	3071	3090	3110	3121	3089.81	19.0996	
1437412800 	1099	3060	3070	3089	3110	3122	3089.75	19.3283	
1437413400 	1098	3061	3071	3090.5	3111	3122	3090.51	19.2854	
1437414000 	1098	3061	3071	3090	3110	3121	3090.31	19.0967	
1437414600 	1098	3060	3071	3090	3110	3124	3089.97	18.9822	
1437415200 	1098	3061	3071	3090	3111	3123	3090.4	19.2793	
1437415800 	1099	3062	3071	3090	3111	3122	3090.53	19.1097	
1437416400 	1099	3061	3072	3090	3110	3120	3090.25	18.9766	
1437417000 	1099	3060	3071	3090	3111	3123	3090.45	19.193	
1437417600 	1099	3062	3071	3091	3111	3122	3090.83	19.0844	
1437418200 	1098	3062	3071	3090	3111	3121	3090.35	19.0861	
1437418800 	1098	3060	3071	3088	3110	3121	3089.65	19.1436	
1437419400 	1098	3060	3071	3090	3110	3121	3089.61	19.0886	
1437420000 	1099	3060	3070	3088	3109	3119	3088.91	18.8652	
1437420600 	1099	3059	3070	3088	3108	3119	3088.54	18.7604	
1437421200 	1099	3059	3070	3088	3108	3119	3088.55	18.8936	
1437421800 	1099	3059	3070	3088	3108	3118	3088.48	18.6641	
1437422400 	1099	3060	3070	3088	3108	3119	3088.17	18.606	
1437423000 	1099	3059	3069	3087	3108	3118	3087.73	18.6407	
1437423600 	1098	3058	3070	3088	3108	3119	3087.77	18.9295	
1437424200 	1098	3059	3069	3087	3107	3117	3087.56	18.6693	
1437424800 	1098	3058	3069	3087	3106	3116	3086.98	18.4359	
1437425400 	1098	3057	3069	3087	3107	3118	3087.45	18.7974	
1437426000 	1098	3059	3070	3088	3107	3122	3087.92	18.5944	
1437426600 	1099	3059	3070	3086	3107	3117	3087.6	18.4382	
1437427200 	1099	3058	3069	3088	3107	3120	3087.54	18.413	
1437427800 	1099	3059	3070	3087	3107	3118	3087.83	18.5386	
1437428400 	1098	3058	3070	3088	3107	3118	3088.09	18.4734	
1437429000 	1098	3059	3070	3087	3107	3124	3087.78	18.3884	
1437429600 	1099	3056	3069	3086	3106	3116	3086.69	18.2776	
1437430200 	1099	3058	3068	3087	3106	3117	3086.94	18.7636	
1437430800 	1099	3058	3068	3087	3106	3117	3086.66	18.4158	
1437431400 	1099	3058	3068	3086	3106	3115	3086.28	18.4614	
1437432000 	1099	3058	3068	3086	3105	3116	3086.08	18.4586	
1437432600 	1099	3057	3068	3086	3106	3116	3086.29	18.3818	
1437433200 	1099	3058	3069	3087	3106	3117	3086.8	18.3613	
1437433800 	1099	3057	3068	3086	3106	3117	3086.58	18.4307	
1437434400 	1099	3059	3069	3087	3107	3119	3087.2	18.7162	
1437435000 	1099	3058	3070	3087	3107	3118	3087.63	18.5135	
1437435600 	1098	3059	3069	3086	3107	3117	3087.44	18.507	
1437436200 	1098	3059	3069	3088	3107	3120	3087.76	18.739	
1437436800 	1099	3059	3069	3088	3108	3120	3088.11	18.7194	
1437437400 	1099	3058	3069	3087	3108	3118	3087.63	18.5688	
1437438000 	1099	3059	3069	3088	3108	3118	3088.16	18.9325	
1437438600 	1099	3059	3069	3088	3108	3119	3088.27	18.9293	
1437439200 	1099	3058	3070	3088	3109	3119	3088.89	19.0114	
1437439800 	1099	3059	3070	3089	3109	3120	3088.86	18.8978	
1437440400 	1099	3059	3069	3087	3108	3118	3087.86	18.9145	
1437441000 	1099	3058	3069	3088	3108	3119	3087.7	19.1069	
1437441600 	1099	3058	3068	3086	3107	3125	3087.48	18.8333	
1437442200 	1099	3057	3068	3087	3107	3118	3087.36	18.777	
1437442800 	1097	3058	3068	3087	3107	3119	3087.31	18.8427	
1437443400 	1098	3056	3069	3087	3108	3119	3087.65	19.1809	
1437444000 	1098	3059	3069	3088	3108	3118	3087.94	18.7455	
1437444600 	1099	3058	3069	3088	3108	3118	3087.93	18.8637	
1437445200 	1099	3059	3069	3088	3107	3117	3087.65	18.788	
1437445800 	1099	3058	3069	3089	3108	3120	3088.12	19.2219	
1437446400 	1099	3057	3069	3088	3109	3119	3088.33	19.2578	
1437447000 	1099	3057	3069	3088	3108	3121	3088.33	19.2564	
1437447600 	1099	3058	3069	3088	3108	3119	3088.04	18.9898	
1437448200 	1099	3058	3069	3089	3109	3123	3088.81	19.4386	
1437448800 	1099	3058	3069	3089	3109	3120	3089.16	19.4617	
1437449400 	1099	3059	3070	3090	3109	3120	3089.1	19.4541	
1437450000 	1099	3057	3069	3089	3110	3120	3089.02	19.511	
1437450600 	1099	3058	3069	3089	3110	3120	3089.41	19.5534	
1437451200 	1099	3059	3070	3089	3110	3120	3089.57	19.4749	
1437451800 	1099	3058	3070	3090	3109	3121	3089.57	19.1187	
1437452400 	1099	3059	3070	3090	3110	3120	3089.58	19.5039	
1437453000 	1098	3061	3071	3090	3110	3120	3090.09	19.4986	
1437453600 	1098	3060	3070	3089.5	3110	3121	3090.23	19.3907	
1437454200 	1098	3060	3070	3089.5	3110	3120	3089.97	19.4891	
1437454800 	1099	3059	3071	3090	3111	3122	3090.22	19.4235	
1437455400 	1099	3059	3070	3091	3110	3125	3090.28	19.3316	
1437456000 	1099	3060	3071	3090	3110	3121	3090.16	19.1607	
1437456600 	1099	3061	3071	3090	3110	3120	3090.1	19.1724	
1437457200 	1099	3061	3071	3091	3111	3122	3090.63	19.2225	
1437457800 	1099	3062	3071	3090	3111	3124	3090.63	19.2664	
1437458400 	1099	3061	3071	3091	3111	3122	3090.6	19.1567	
1437459000 	1099	3062	3071	3091	3111	3123	3090.74	19.2851	
1437459600 	1099	3063	3072	3091	3111	3122	3091.18	19.3101	
1437460200 	1099	3062	3071	3091	3111	3121	3090.89	19.101	
1437460800 	1099	3061	3071	3091	3111	3122	3091.2	19.3388	
1437461400 	1099	3060	3071	3091	3112	3123	3091.53	19.4603	
1437462000 	1099	3062	3072	3091	3112	3123	3091.5	19.3486	
1437462600 	1098	3063	3071	3091	3111	3123	3091.53	19.626	
1437463200 	1098	3062	3072	3091.5	3112	3123	3091.77	19.6641	
1437463800 	1098	3060	3072	3092	3112	3124	3092	19.7183	
1437464400 	1098	3061	3072	3092	3112	3123	3091.98	19.607	
1437465000 	1098	3062	3071	3092	3112	3131	3092.13	19.8792	
1437465600 	1099	3062	3072	3092	3112	3124	3092.35	19.6752	
1437466200 	1099	3063	3072	3092	3112	3127	3092.19	19.8138	
1437466800 	1099	3062	3072	3092	3113	3123	3092.07	19.6501	
1437467400 	1099	3063	3072	3092	3113	3125	3092.35	19.9363	
1437468000 	1099	3061	3072	3092	3113	3125	3092.55	19.825	
1437468600 	1099	3063	3072	3092	3113	3124	3092.48	19.5753	
1437469200 	1099	3063	3072	3092	3114	3124	3092.7	19.9281	
1437469800 	1099	3063	3072	3093	3114	3124	3093	19.6222	
1437470400 	1099	3063	3072	3093	3113	3126	3092.9	19.7419	
1437471000 	1099	3063	3072	3092	3113	3125	3092.93	19.7613	
1437471600 	1099	3063	3073	3093	3114	3125	3093.25	19.6936	
1437472200 	1099	3062	3073	3093	3114	3124	3093.23	19.5874	
1437472800 	1099	3063	3072	3093	3113	3124	3093.18	19.52	
1437473400 	1098	3063	3073	3093	3114	3124	3093.14	19.4402	
1437474000 	1098	3064	3073	3093	3113	3125	3093.43	19.5188	
1437474600 	1098	3064	3073	3093	3113	3124	3093.36	19.5671	
1437475200 	1098	3062	3073	3094	3114	3125	3093.68	19.7914	
1437475800 	1099	3064	3073	3094	3114	3125	3093.79	19.6652	
1437476400 	1099	3064	3073	3093	3113	3130	3093.61	19.3908	
1437477000 	1099	3063	3073	3093	3114	3125	3093.64	19.5384	
1437477600 	1099	3062	3074	3094	3114	3125	3093.81	19.3064	
1437478200 	1099	3064	3073	3094	3115	3125	3094.09	20.0599	
1437478800 	1099	3063	3073	3094	3115	3125	3093.66	20.1747	
1437479400 	1099	3063	3073	3093	3113	3125	3093.25	19.5204	
1437480000 	1099	3063	3073	3092	3113	3124	3092.72	19.5869	
1437480600 	1099	3061	3072	3092	3113	3125	3091.97	19.8458	
1437481200 	1099	3061	3072	3093	3112	3123	3091.94	19.5052	
1437481800 	1099	3061	3072	3092	3112	3123	3091.75	19.6609	
1437482400 	1098	3061	3072	3091	3111	3122	3091.4	19.299	
1437483000 	1098	3062	3072	3092	3113	3125	3091.93	19.5228	
1437483600 	1099	3062	3072	3092	3112	3122	3091.63	19.2136	
1437484200 	1099	3060	3071	3092	3112	3126	3091.72	19.4832	
1437484800 	1099	3062	3072	3092	3111	3123	3091.76	19.3465	
1437485400 	1098	3063	3072	3091.5	3112	3124	3092.06	19.2147	
1437486000 	1099	3062	3072	3092	3112	3122	3091.91	18.9906	
1437486600 	1099	3061	3072	3093	3112	3123	3091.99	19.6918	
1437487200 	1099	3060	3072	3091	3112	3122	3091.88	19.6899	
1437487800 	1099	3062	3072	3091	3112	3123	3091.51	19.311	
1437488400 	1099	3061	3072	3091	3111	3122	3091.22	19.2076	
1437489000 	1099	3062	3072	3091	3112	3122	3091.23	19.1392	
1437489600 	1099	3062	3071	3091	3112	3127	3091.45	19.3217	
1437490200 	1099	3061	3072	3091	3111	3122	3091.18	19.2377	
1437490800 	1099	3062	3072	3091	3111	3121	3091.12	19.1101	
1437491400 	1099	3063	3072	3091	3111	3125	3091.43	19.1639	
1437492000 	1098	3061	3072	3091	3111	3122	3091.29	19.1672	
1437492600 	1098	3062	3072	3091	3111	3123	3091.11	18.9687	
1437493200 	1098	3063	3072	3091	3111	3127	3091.44	19.1941	
1437493800 	1097	3063	3072	3092	3112	3123	3091.68	19.2994	
1437494400 	1098	3062	3072	3092	3113	3124	3091.83	19.1904	
1437495000 	1098	3063	3072	3092	3112	3123	3092.03	19.4747	
1437495600 	1099	3061	3072	3092	3112	3124	3092.2	19.4776	
1437496200 	1099	3063	3072	3092	3112	3121	3091.87	19.2189	
1437496800 	1099	3062	3072	3092	3112	3123	3091.78	19.3065	
1437497400 	1099	3062	3072	3092	3113	3124	3092.19	19.1716	
1437498000 	1099	3063	3072	3091	3112	3124	3092.07	19.3009	
1437498600 	1099	3062	3072	3092	3112	3128	3092	19.1221	
1437499200 	1098	3063	3072	3092	3112	3123	3092.35	19.4626	
1437499800 	1098	3063	3073	3092	3113	3123	3092.42	19.1109	
1437500400 	1098	3063	3072	3092	3113	3124	3092.29	19.4061	
1437501000 	1098	3062	3072	3091.5	3113	3124	3092.29	19.5333	
1437501600 	1099	3063	3072	3092	3113	3124	3092.37	19.0728	
1437502200 	1099	3064	3072	3092	3112	3122	3092.01	18.9409	
1437502800 	1099	3063	3072	3092	3112	3123	3092.04	19.0022	
1437503400 	1099	3063	3072	3092	3112	3123	3092.22	18.9415	
1437504000 	1099	3063	3072	3091	3112	3123	3092.12	19.2458	
1437504600 	1099	3062	3072	3092	3112	3123	3091.84	18.9793	
1437505200 	1098	3063	3072	3092	3113	3125	3092.31	19.1941	
1437505800 	1098	3063	3072	3092	3112	3124	3092.18	19.197	
1437506400 	1098	3063	3072	3092	3112	3123	3092.04	19.3231	
1437507000 	1098	3062	3072	3092	3112	3123	3092.05	19.3193	
1437507600 	1099	3062	3072	3092	3112	3122	3092	19.0195	
1437508200 	1099	3062	3072	3092	3112	3126	3091.8	19.1924	
1437508800 	1099	3061	3072	3092	3113	3124	3091.84	19.3113	
1437509400 	1099	3062	3072	3092	3112	3123	3092.04	19.166	
1437510000 	1099	3063	3072	3092	3111	3122	3091.88	19.0572	
1437510600 	1099	3062	3072	3092	3111	3123	3091.84	19.0439	
1437511200 	1099	3063	3072	3092	3112	3122	3091.79	19.11	
1437511800 	1098	3062	3072	3092	3112	3122	3091.76	19.3104	
1437512400 	1097	3063	3072	3091	3111	3122	3091.47	19.0218	
1437513000 	1099	3062	3072	3091	3111	3123	3091.57	19.0378	
1437513600 	1099	3063	3072	3091	3111	3122	3091.45	18.7225	
1437514200 	1099	3063	3072	3091	3111	3122	3091.43	18.7718	
1437514800 	1099	3062	3072	3091	3112	3122	3091.58	19.0031	
1437515400 	1099	3063	3072	3092	3112	3123	3091.88	19.2496	
1437516000 	1099	3061	3072	3091	3112	3122	3091.91	19.0746	
1437516600 	1099	3063	3072	3091	3111	3123	3091.44	18.7804	
1437517200 	1099	3063	3072	3091	3112	3122	3091.66	19.0319	
1437517800 	1099	3062	3073	3092	3112	3125	3092.22	19.0808	
1437518400 	1098	3063	3072	3092	3112	3125	3091.85	19.3249	
1437519000 	1098	3062	3072	3092	3112	3122	3091.54	19.1103	
1437519600 	1098	3062	3072	3091.5	3112	3122	3091.3	19.1324	
1437520200 	1100	3061	3072	3091	3111	3121	3091.12	18.8425	
1437520800 	1099	3059	3071	3091	3111	3121	3090.88	19.1299	
1437521400 	1099	3061	3071	3090	3111	3120	3090.71	18.949	
1437522000 	1099	3062	3071	3091	3110	3122	3090.84	19.0994	
1437522600 	1099	3061	3071	3091	3111	3126	3090.75	19.1766	
1437523200 	1099	3059	3070	3090	3110	3121	3089.37	19.0205	
1437523800 	1099	3059	3069	3089	3108	3119	3088.32	18.8122	
1437524400 	1099	3059	3069	3087	3107	3119	3087.7	18.6875	
1437525000 	1099	3058	3069	3087	3107	3119	3087.36	18.8713	
1437525600 	1099	3058	3069	3089	3108	3119	3088.22	19.281	
1437526200 	1099	3058	3069	3089	3109	3121	3088.54	19.5252	
1437526800 	1099	3056	3069	3090	3110	3121	3089.26	20.1895	
1437527400 	1099	3057	3069	3090	3110	3121	3089.19	20.0387	
1437528000 	1098	3057	3069	3089	3110	3121	3089.33	20.3804	
1437528600 	1098	3058	3069	3089	3110	3121	3089.23	20.0871	
1437529200 	1098	3056	3069	3090	3111	3122	3089.85	20.22	
1437529800 	1098	3058	3069	3090.5	3111	3121	3089.97	20.1971	
1437530400 	1099	3058	3069	3089	3111	3122	3089.74	20.2534	
1437531000 	1099	3058	3069	3091	3111	3123	3090.09	20.3436	
1437531600 	1099	3058	3070	3091	3112	3123	3090.96	20.4408	
1437532200 	1099	3060	3070	3091	3113	3127	3091.18	20.6315	
1437532800 	1099	3059	3070	3091	3112	3123	3091.15	20.5863	
1437533400 	1099	3058	3070	3092	3112	3124	3091.66	20.6394	
1437534000 	1099	3060	3071	3093	3114	3125	3092.36	20.6925	
1437534600 	1099	3060	3071	3093	3114	3125	3092.58	20.6432	
1437535200 	1099	3060	3071	3093	3114	3125	3092.81	20.7701	
1437535800 	1099	3061	3071	3094	3116	3125	3093.31	20.8587	
1437536400 	1099	3060	3072	3094	3115	3125	3093.26	20.8005	
1437537000 	1099	3060	3072	3094	3115	3125	3093.2	20.8319	
1437537600 	1099	3060	3072	3094	3116	3125	3093.53	21.0626	
1437538200 	1098	3061	3071	3093.5	3115	3125	3093.3	20.7932	
1437538800 	1097	3060	3071	3094	3114	3126	3093.21	20.9377	
1437539400 	1098	3061	3071	3093	3115	3125	3093.02	20.6346	
1437540000 	1098	3060	3071	3093.5	3115	3125	3093.33	20.9806	
1437540600 	1099	3061	3071	3094	3115	3126	3093.35	20.8861	
1437541200 	1099	3061	3071	3094	3115	3126	3093.32	20.9745	
1437541800 	1099	3061	3072	3094	3115	3126	3093.49	21.1405	
1437542400 	1099	3062	3072	3094	3116	3126	3093.86	20.9655	
1437543000 	1099	3061	3072	3094	3115	3126	3093.66	20.9753	
1437543600 	1099	3061	3072	3094	3115	3125	3093.44	21.0307	
1437544200 	1099	3061	3072	3095	3115	3126	3094.02	21.0574	
1437544800 	1099	3061	3072	3094	3115	3126	3094.08	21.0695	
1437545400 	1099	3061	3071	3094	3116	3126	3093.64	20.9741	
1437546000 	1099	3061	3072	3094	3116	3126	3093.78	20.8128	
1437546600 	1099	3061	3072	3094	3116	3126	3094.19	21.0337	
1437547200 	1099	3061	3072	3094	3116	3126	3094.15	20.9234	
1437547800 	1099	3061	3072	3095	3116	3127	3094.19	21.1216	
1437548400 	1099	3062	3072	3095	3115	3126	3094.19	21.0175	
1437549000 	1098	3061	3073	3095	3117	3129	3095.05	21.1598	
1437549600 	1098	3063	3073	3095	3117	3128	3094.85	20.9745	
1437550200 	1098	3062	3073	3095	3117	3135	3094.76	21.0684	
1437550800 	1098	3064	3072	3095	3117	3128	3095.03	20.9244	
1437551400 	1099	3062	3073	3096	3117	3129	3095.32	20.8978	
1437552000 	1099	3062	3073	3096	3117	3130	3095.25	20.9818	
1437552600 	1099	3063	3073	3095	3117	3128	3095.11	21.1999	
1437553200 	1099	3063	3073	3096	3118	3130	3095.33	21.3065	
1437553800 	1099	3064	3074	3096	3117	3128	3095.68	21.0329	
1437554400 	1099	3063	3073	3096	3117	3130	3095.58	20.9493	
1437555000 	1099	3063	3073	3096	3117	3129	3095.38	20.8834	
1437555600 	1099	3063	3073	3096	3118	3129	3095.65	20.9807	
1437556200 	1099	3064	3073	3096	3117	3130	3095.69	20.8842	
1437556800 	1099	3064	3073	3096	3118	3129	3095.63	21.089	
1437557400 	1099	3064	3073	3095	3118	3142	3095.56	21.1979	
1437558000 	1099	3062	3074	3096	3119	3132	3096.31	21.2645	
1437558600 	1099	3064	3074	3096	3118	3130	3096.12	21.0224	
1437559200 	1099	3063	3074	3096	3118	3129	3096.04	21.2567	
1437559800 	1099	3062	3074	3096	3118	3129	3096	21.1444	
1437560400 	1097	3065	3074	3096	3118	3131	3096.27	21.3298	
1437561000 	1098	3063	3074	3096	3118	3130	3096.18	21.0554	
1437561600 	1098	3064	3074	3096	3118	3129	3096.04	20.9927	
1437562200 	1099	3062	3074	3097	3118	3130	3096.3	21.1437	
1437562800 	1099	3061	3074	3096	3118	3130	3096.19	20.9221	
1437563400 	1099	3063	3074	3097	3118	3130	3096.25	21.1552	
1437564000 	1099	3063	3074	3096	3119	3132	3096.47	21.313	
1437564600 	1099	3064	3074	3097	3118	3138	3096.43	21.1061	
1437565200 	1099	3061	3074	3096	3117	3130	3095.81	20.8708	
1437565800 	1099	3064	3074	3096	3118	3129	3095.88	21.0589	
1437566400 	1098	3063	3074	3096	3118	3131	3096.17	21.2095	
1437567000 	1098	3064	3074	3096	3119	3129	3096.07	21.0395	
1437567600 	1097	3063	3073	3096	3118	3130	3095.43	21.2527	
1437568200 	1099	3063	3073	3096	3118	3129	3095.27	21.2624	
1437568800 	1099	3062	3072	3095	3117	3133	3094.69	21.1816	
1437569400 	1099	3061	3072	3095	3116	3126	3093.89	21.034	
1437570000 	1099	3059	3071	3094	3116	3125	3093.1	20.7909	
1437570600 	1098	3060	3071	3094	3115	3125	3093.04	21.1805	
1437571200 	1099	3059	3071	3094	3115	3126	3093.1	20.8813	
1437571800 	1098	3059	3071	3093	3115	3125	3092.95	20.946	
1437572400 	1098	3059	3070	3092.5	3113	3125	3091.86	20.6563	
1437573000 	1098	3057	3070	3092	3113	3124	3091.42	20.9248	
1437573600 	1098	3057	3070	3092	3113	3124	3091.58	20.7993	
1437574200 	1099	3058	3070	3092	3113	3123	3091.06	20.8509	
1437574800 	1099	3056	3069	3092	3112	3122	3090.12	20.5928	
1437575400 	1099	3055	3068	3089	3110	3125	3089.01	20.5216	
1437576000 	1099	3055	3067	3089	3108	3120	3087.87	20.2388	
1437576600 	1098	3056	3067	3089	3109	3123	3087.96	20.5427	
1437577200 	1098	3054	3067	3089	3109	3120	3088.04	20.4039	
1437577800 	1098	3055	3067	3087.5	3108	3120	3087.27	20.1673	
1437578400 	1098	3054	3066	3087.5	3107	3118	3086.46	20.046	
1437579000 	1099	3055	3066	3086	3107	3118	3086.07	19.9623	
1437579600 	1099	3053	3065	3087	3106	3118	3085.53	19.8884	
1437580200 	1099	3053	3065	3085	3106	3117	3084.92	19.8731	
1437580800 	1099	3052	3065	3086	3105	3118	3085.02	19.8583	
1437581400 	1099	3053	3065	3086	3107	3117	3085.91	20.1533	
1437582000 	1099	3052	3066	3087	3107	3118	3085.98	20.0589	
1437582600 	1098	3054	3066	3086.5	3107	3117	3086.04	19.9012	
1437583200 	1098	3054	3065	3086.5	3106	3118	3085.66	19.9374	
1437583800 	1098	3053	3065	3086	3106	3118	3084.99	19.8065	
1437584400 	1098	3053	3065	3085.5	3106	3117	3085.07	19.9164	
1437585000 	1098	3054	3064	3085	3105	3116	3084.72	19.754	
1437585600 	1099	3052	3064	3084	3105	3119	3084.03	19.896	
1437586200 	1099	3052	3063	3083	3103	3114	3083.01	19.4242	
1437586800 	1099	3051	3062	3082	3103	3114	3082.59	19.7184	
1437587400 	1099	3050	3062	3082	3101	3117	3082.01	19.3044	
1437588000 	1099	3050	3061	3081	3101	3113	3081.11	19.3203	
1437588600 	1099	3050	3062	3082	3100	3111	3081.24	18.9906	
1437589200 	1099	3050	3062	3082	3101	3112	3081.43	19.1102	
1437589800 	1099	3049	3061	3081	3099	3111	3080.31	19.1115	
1437590400 	1099	3050	3062	3081	3100	3111	3080.78	18.9365	
1437591000 	1099	3051	3062	3081	3100	3112	3080.94	18.9981	
1437591600 	1099	3050	3062	3081	3101	3112	3081.31	19.2263	
1437592200 	1099	3051	3062	3082	3101	3114	3081.26	19.0623	
1437592800 	1099	3049	3062	3082	3101	3111	3081.36	19.0461	
1437593400 	1099	3051	3062	3082	3100	3112	3081.42	18.9414	
1437594000 	1099	3050	3062	3082	3101	3113	3081.46	19.5186	
1437594600 	1099	3050	3062	3082	3101	3113	3081.42	19.1105	
1437595200 	1098	3051	3062	3082	3101	3112	3081.55	19.4549	
1437595800 	1098	3048	3061	3081	3100	3112	3080.68	19.3311	
1437596400 	1098	3050	3061	3081	3100	3112	3080.74	19.1707	
1437597000 	1098	3049	3061	3080.5	3100	3112	3080.07	19.0645	
1437597600 	1098	3049	3061	3080	3099	3112	3079.68	19.0357	
1437598200 	1098	3048	3060	3080	3099	3110	3079.24	19.1252	
1437598800 	1099	3048	3060	3079	3098	3110	3079.05	19.0019	
1437599400 	1099	3047	3060	3079	3098	3110	3078.94	19.3058	
1437600000 	1099	3048	3060	3080	3099	3111	3079.49	19.2768	
1437600600 	1099	3048	3060	3080	3099	3110	3079.52	19.2223	
1437601200 	1099	3048	3060	3080	3100	3110	3079.45	19.2677	
1437601800 	1099	3048	3061	3080	3099	3111	3079.93	18.9538	
1437602400 	1099	3049	3061	3080	3100	3111	3080.1	19.1482	
1437603000 	1099	3050	3061	3081	3100	3111	3080.25	19.1796	
1437603600 	1099	3050	3061	3081	3101	3113	3080.75	19.4513	
1437604200 	1099	3051	3062	3081	3101	3112	3080.99	19.2097	
1437604800 	1099	3050	3062	3082	3101	3113	3081.61	19.4239	
1437605400 	1097	3050	3063	3083	3103	3120	3082.67	19.5507	
1437606000 	1099	3051	3063	3084	3103	3114	3082.69	19.4806	
1437606600 	1099	3050	3062	3083	3103	3113	3082.08	19.624	
1437607200 	1099	3050	3062	3083	3102	3118	3081.99	19.3823	
1437607800 	1099	3050	3062	3082	3101	3114	3081.57	19.4455	
1437608400 	1099	3050	3062	3083	3103	3115	3082.16	19.9263	
1437609000 	1099	3050	3062	3083	3103	3115	3082.79	19.9812	
1437609600 	1099	3050	3063	3083	3103	3115	3082.78	19.7599	
1437610200 	1099	3051	3063	3082	3102	3114	3082.56	19.2791	
1437610800 	1099	3053	3064	3084	3103	3116	3083.34	19.5518	
1437611400 	1097	3052	3064	3083	3102	3114	3082.78	18.701	
1437612000 	1098	3052	3063	3082	3103	3114	3082.62	19.2949	
1437612600 	1099	3051	3063	3082	3102	3114	3082.14	19.2063	
1437613200 	1099	3051	3063	3082	3102	3115	3082.19	19.3267	
1437613800 	1099	3051	3062	3082	3101	3114	3081.56	19.4354	
1437614400 	1099	3050	3061	3081	3101	3114	3080.96	19.4479	
1437615000 	1099	3047	3061	3081	3100	3114	3080.7	19.6539	
1437615600 	1099	3049	3061	3081	3101	3112	3080.81	19.5165	
1437616200 	1099	3049	3061	3081	3101	3116	3080.9	19.6305	
1437616800 	1099	3049	3061	3081	3100	3114	3080.67	19.6379	
1437617400 	1099	3047	3061	3080	3100	3112	3080.47	19.5399	
1437618000 	1099	3048	3061	3082	3101	3113	3080.83	19.5697	
1437618600 	1098	3050	3062	3081	3101	3111	3081.32	19.2623	
1437619200 	1098	3049	3061	3081	3100	3112	3081.08	19.2394	
1437619800 	1098	3048	3061	3081	3100	3117	3080.42	19.5785	
1437620400 	1099	3048	3061	3081	3101	3114	3080.83	19.7903	
1437621000 	1099	3049	3062	3082	3101	3115	3081.09	19.3304	
1437621600 	1099	3049	3062	3081	3098	3112	3080.29	18.1219	
1437622200 	1099	3050	3062	3081	3101	3112	3081.45	19.3227	
1437622800 	1099	3050	3062	3082	3102	3114	3081.83	19.488	
1437623400 	1099	3050	3064	3084	3103	3114	3083.36	19.5718	
1437624000 	1099	3052	3064	3084	3104	3122	3084.08	19.7212	
1437624600 	1099	3052	3064	3085	3105	3119	3084.91	19.9948	
1437625200 	1099	3053	3065	3086	3106	3118	3085.34	20.1563	
1437625800 	1099	3055	3066	3087	3107	3118	3086.33	20.1304	
1437626400 	1099	3055	3066	3087	3108	3118	3086.77	20.4214	
1437627000 	1099	3055	3066	3087	3108	3119	3087.08	20.4054	
1437627600 	1099	3055	3067	3088	3109	3121	3087.71	20.4923	
1437628200 	1098	3057	3068	3088.5	3109	3121	3088.5	20.4279	
1437628800 	1098	3057	3068	3089	3110	3123	3088.67	20.2967	
1437629400 	1099	3058	3068	3090	3110	3123	3089.25	20.5178	
1437630000 	1099	3057	3069	3091	3111	3123	3089.99	20.8432	
1437630600 	1099	3058	3069	3091	3112	3123	3090.38	20.8482	
1437631200 	1099	3058	3069	3091	3112	3128	3090.37	20.7059	
1437631800 	1099	3056	3069	3092	3111	3123	3090.61	20.6794	
1437632400 	1099	3058	3070	3091	3112	3124	3091.11	20.9333	
1437633000 	1099	3059	3070	3092	3113	3124	3091.8	20.8404	
1437633600 	1099	3059	3070	3093	3113	3124	3091.87	20.9786	
1437634200 	1099	3058	3070	3093	3113	3124	3091.83	20.8069	
1437634800 	1099	3059	3071	3093	3114	3124	3092.28	20.9187	
1437635400 	1099	3060	3071	3094	3114	3129	3092.82	20.8367	
1437636000 	1099	3059	3071	3094	3114	3127	3093.01	21.1261	
1437636600 	1099	3059	3071	3094	3114	3128	3093.05	21.1301	
1437637200 	1099	3061	3071	3094	3115	3128	3093.24	21.1409	
1437637800 	1098	3061	3071	3094	3115	3126	3093.63	20.9653	
1437638400 	1098	3060	3072	3094	3116	3127	3093.49	20.9329	
1437639000 	1098	3061	3072	3095	3115	3126	3093.69	20.8825	
1437639600 	1098	3061	3072	3095	3115	3127	3094.33	21.0049	
1437640200 	1099	3061	3073	3095	3117	3128	3094.45	20.9094	
1437640800 	1099	3060	3073	3095	3116	3127	3094.56	20.6459	
1437641400 	1099	3063	3073	3095	3117	3128	3094.84	20.8411	
1437642000 	1099	3063	3073	3095	3116	3132	3095.25	20.9667	
1437642600 	1099	3062	3073	3096	3117	3128	3095.25	20.7862	
1437643200 	1099	3064	3073	3095	3117	3129	3095.39	20.91	
1437643800 	1099	3064	3074	3095	3118	3129	3095.83	21.0011	
1437644400 	1099	3063	3074	3096	3118	3130	3095.83	21.0951	
1437645000 	1099	3063	3073	3096	3117	3130	3095.8	21.1843	
1437645600 	1099	3064	3074	3096	3118	3130	3096.17	20.8644	
1437646200 	1099	3065	3074	3096	3118	3129	3096.13	20.7917	
1437646800 	1099	3063	3074	3096	3118	3130	3096.01	20.7325	
1437647400 	1099	3064	3074	3096	3118	3129	3095.99	20.9384	
1437648000 	1099	3066	3074	3096	3118	3130	3096.29	20.7956	
1437648600 	1098	3065	3074	3096	3119	3130	3096.6	21.1186	
1437649200 	1098	3064	3074	3096.5	3118	3129	3096.38	21.0065	
1437649800 	1098	3065	3074	3097	3119	3130	3096.88	21.0596	
1437650400 	1098	3064	3075	3096	3118	3130	3096.88	20.665	
1437651000 	1098	3065	3074	3097	3119	3132	3097.45	21.2131	
1437651600 	1098	3064	3075	3097	3120	3131	3097.55	21.1297	
1437652200 	1098	3064	3075	3097	3120	3131	3097.5	21.287	
1437652800 	1098	3064	3075	3097	3119	3131	3097.42	21.1671	
1437653400 	1099	3065	3076	3097	3120	3132	3097.86	21.0891	
1437654000 	1099	3066	3075	3097	3119	3131	3097.72	20.9697	
1437654600 	1099	3066	3075	3097	3120	3131	3097.7	21.1914	
1437655200 	1099	3065	3075	3098	3120	3131	3098.11	21.272	
1437655800 	1098	3065	3075	3097	3120	3131	3097.63	21.0354	
1437656400 	1098	3065	3075	3097	3119	3131	3097.2	21.1987	
1437657000 	1098	3064	3075	3097	3120	3136	3097.2	21.2316	
1437657600 	1098	3064	3074	3097	3118	3129	3096.42	20.794	
1437658200 	1099	3063	3074	3096	3118	3129	3096.23	21.0066	
1437658800 	1099	3064	3074	3096	3118	3131	3096.08	20.6809	
1437659400 	1099	3065	3074	3096	3115	3127	3095.4	20.0322	
1437660000 	1099	3062	3074	3096	3117	3127	3095.41	20.7348	
1437660600 	1099	3064	3074	3095	3116	3127	3095.21	20.198	
1437661200 	1099	3063	3074	3096	3117	3129	3095.81	20.3107	
1437661800 	1099	3063	3073	3095	3117	3129	3095.01	20.8182	
1437662400 	1098	3062	3073	3095	3116	3128	3094.99	20.7698	
1437663000 	1098	3058	3072	3093	3114	3124	3093.02	19.6386	
1437663600 	1098	3059	3071	3092	3113	3131	3091.95	20.3408	
1437664200 	1098	3059	3071	3092.5	3113	3125	3092.03	20.7517	
1437664800 	1099	3058	3070	3092	3113	3124	3091.23	20.713	
1437665400 	1099	3058	3069	3090	3111	3122	3090.26	20.6118	
1437666000 	1099	3057	3069	3088	3107	3120	3088.23	19.1473	
1437666600 	1099	3057	3068	3089	3109	3123	3088.65	19.9789	
1437667200 	1099	3055	3068	3088	3108	3119	3088.05	19.8033	
1437667800 	1099	3056	3067	3088	3108	3118	3087.69	19.9265	
1437668400 	1099	3056	3067	3088	3109	3119	3087.59	19.9868	
1437669000 	1099	3057	3068	3088	3108	3119	3087.67	19.6043	
1437669600 	1099	3057	3067	3087	3107	3120	3087.18	19.7841	
1437670200 	1099	3056	3067	3086	3107	3117	3086.71	19.4345	
1437670800 	1099	3057	3067	3087	3108	3119	3087.21	19.6917	
1437671400 	1099	3057	3068	3089	3108	3120	3087.74	19.6939	
1437672000 	1099	3057	3068	3088	3108	3120	3087.58	19.5183	
1437672600 	1099	3056	3068	3088	3109	3121	3087.99	19.9474	
1437673200 	1099	3058	3068	3089	3108	3120	3088.26	19.7508	
1437673800 	1099	3057	3068	3088	3108	3120	3088.28	19.6805	
1437674400 	1099	3058	3068	3088	3108	3120	3088.17	19.7418	
1437675000 	1099	3057	3069	3088	3109	3120	3088.26	19.7136	
1437675600 	1099	3058	3069	3090	3109	3121	3088.84	19.5284	
1437676200 	1099	3057	3069	3088	3109	3121	3088.41	19.6373	
1437676800 	1099	3055	3068	3087	3107	3118	3087.23	19.6087	
1437677400 	1099	3056	3067	3086	3107	3118	3086.54	19.6526	
1437678000 	1098	3055	3067	3087	3107	3119	3086.71	19.88	
1437678600 	1098	3055	3067	3086	3106	3117	3086.04	19.2934	
1437679200 	1098	3055	3067	3086	3105	3116	3085.79	19.1506	
1437679800 	1098	3055	3066	3086	3107	3120	3086.5	19.8282	
1437680400 	1099	3055	3066	3085	3106	3116	3085.46	19.3588	
1437681000 	1099	3056	3065	3085	3105	3115	3085.3	19.4371	
1437681600 	1099	3055	3065	3084	3105	3115	3084.8	19.3424	
1437682200 	1099	3054	3064	3084	3104	3125	3084.33	19.3328	
1437682800 	1099	3054	3065	3083	3104	3116	3084.5	19.2388	
1437683400 	1099	3053	3064	3083	3103	3114	3083.96	19.3543	
1437684000 	1099	3053	3064	3084	3103	3116	3083.82	19.2039	
1437684600 	1099	3054	3065	3084	3104	3118	3084.2	19.5706	
1437685200 	1099	3052	3065	3085	3105	3116	3085	19.4515	
1437685800 	1099	3053	3065	3084	3104	3117	3084.76	19.3897	
1437686400 	1098	3054	3065	3084	3104	3115	3084.4	19.467	
1437687000 	1098	3052	3064	3084.5	3104	3116	3084.27	19.4619	
1437687600 	1099	3053	3064	3083	3103	3116	3083.93	19.0162	
1437688200 	1097	3052	3065	3083	3103	3114	3083.45	19.0481	
1437688800 	1098	3053	3065	3083	3103	3114	3083.42	18.9943	
1437689400 	1099	3051	3064	3083	3102	3115	3083.39	19.2725	
1437690000 	1099	3054	3065	3085	3105	3115	3084.88	19.3298	
1437690600 	1099	3054	3065	3084	3104	3115	3084.43	19.5836	
1437691200 	1099	3052	3064	3083	3104	3114	3083.83	19.682	
1437691800 	1099	3052	3064	3084	3104	3115	3083.76	19.7766	
1437692400 	1099	3053	3064	3084	3104	3116	3083.81	19.4916	
1437693000 	1099	3053	3065	3084	3104	3116	3084.3	19.6307	
1437693600 	1099	3054	3065	3084	3104	3116	3084.32	19.5417	
1437694200 	1099	3053	3065	3085	3105	3118	3084.62	19.7177	
1437694800 	1098	3055	3066	3086	3106	3116	3085.62	19.7415	
1437695400 	1098	3054	3066	3085	3106	3119	3085.47	19.6886	
1437696000 	1098	3054	3065	3086	3106	3117	3085.2	19.8529	
1437696600 	1099	3052	3065	3084	3105	3116	3084.89	19.5227	
1437697200 	1099	3054	3066	3085	3104	3124	3084.73	19.0065	
1437697800 	1099	3052	3064	3083	3103	3115	3083.34	19.1414	
1437698400 	1099	3052	3064	3082	3102	3114	3082.47	18.8953	
1437699000 	1099	3052	3063	3082	3102	3115	3082.54	19.3566	
1437699600 	1099	3052	3064	3082	3102	3120	3082.78	19.2177	
1437700200 	1099	3052	3063	3082	3102	3113	3082.31	19.2231	
1437700800 	1099	3050	3063	3082	3101	3113	3082.18	19.1422	
1437701400 	1098	3050	3062	3082	3102	3114	3082.34	19.4384	
1437702000 	1098	3052	3064	3083	3103	3115	3083.03	19.4088	
1437702600 	1098	3051	3063	3082	3102	3115	3082.5	19.3788	
1437703200 	1099	3051	3063	3082	3102	3113	3082.23	19.3201	
1437703800 	1099	3051	3062	3083	3103	3114	3082.61	19.6288	
1437704400 	1099	3051	3063	3083	3104	3115	3083.39	19.6412	
1437705000 	1099	3051	3063	3083	3103	3114	3083.11	19.7005	
1437705600 	1099	3052	3063	3082	3103	3114	3082.6	19.6494	
1437706200 	1099	3051	3063	3083	3102	3114	3082.62	19.7085	
1437706800 	1099	3053	3064	3084	3104	3114	3083.43	19.6408	
1437707400 	1099	3052	3063	3083	3103	3114	3083.13	19.6105	
1437708000 	1099	3050	3063	3082	3102	3114	3082.71	19.6543	
1437708600 	1099	3051	3063	3083	3103	3115	3083.06	20.0329	
1437709200 	1099	3051	3063	3084	3104	3116	3083.54	19.9768	
1437709800 	1099	3051	3063	3083	3103	3114	3083.27	19.9019	
1437710400 	1099	3050	3063	3084	3104	3116	3083.36	20.134	
1437711000 	1097	3051	3064	3083	3104	3117	3083.71	20.0058	
1437711600 	1099	3052	3063	3083	3104	3115	3083.46	19.9217	
1437712200 	1099	3051	3063	3084	3104	3122	3083.63	20.0842	
1437712800 	1099	3053	3065	3086	3106	3118	3085.35	20.3873	
1437713400 	1099	3053	3065	3086	3106	3117	3085.89	20.3074	
1437714000 	1099	3054	3065	3088	3107	3121	3086.69	20.5774	
1437714600 	1099	3056	3067	3087	3109	3119	3087.52	20.4954	
1437715200 	1099	3055	3067	3087	3108	3120	3087.64	20.5812	
1437715800 	1099	3056	3068	3088	3109	3121	3088.49	20.7064	
1437716400 	1099	3056	3068	3089	3110	3122	3088.92	20.7092	
1437717000 	1099	3056	3068	3090	3110	3123	3089.23	20.7229	
1437717600 	1099	3058	3069	3091	3111	3122	3090.22	20.6033	
1437718200 	1099	3058	3069	3091	3112	3123	3090.46	20.7947	
1437718800 	1099	3057	3070	3091	3112	3123	3090.79	20.8688	
1437719400 	1099	3058	3069	3092	3112	3124	3091.27	20.7044	
1437720000 	1099	3060	3070	3092	3113	3125	3091.84	20.8421	
1437720600 	1098	3060	3071	3092.5	3114	3125	3092.4	20.8855	
1437721200 	1099	3060	3071	3093	3114	3125	3092.56	20.9362	
1437721800 	1099	3060	3071	3093	3114	3126	3093.13	20.9683	
1437722400 	1099	3061	3072	3093	3115	3125	3093.64	21.0302	
1437723000 	1099	3061	3072	3094	3115	3126	3093.85	21.0357	
1437723600 	1099	3061	3072	3094	3116	3127	3094.01	20.8135	
1437724200 	1098	3061	3073	3095	3116	3127	3094.31	20.9191	
1437724800 	1099	3062	3073	3095	3116	3128	3094.51	20.8788	
1437725400 	1099	3061	3073	3095	3116	3129	3094.78	20.8605	
1437726000 	1099	3062	3073	3095	3117	3129	3095.18	21.1331	
1437726600 	1099	3062	3073	3095	3116	3127	3095.17	20.8883	
1437727200 	1099	3062	3073	3095	3117	3129	3095.47	20.8991	
1437727800 	1099	3063	3074	3096	3117	3129	3095.46	20.9181	
1437728400 	1099	3063	3074	3096	3117	3131	3095.94	21.0963	
1437729000 	1099	3062	3074	3096	3118	3133	3096.18	21.0436	
1437729600 	1099	3063	3074	3096	3118	3131	3096.37	21.4445	
1437730200 	1098	3063	3074	3096	3119	3132	3096.51	21.3224	
1437730800 	1098	3064	3074	3096.5	3119	3133	3096.78	21.3106	
1437731400 	1098	3064	3074	3096.5	3119	3131	3096.99	21.1965	
1437732000 	1099	3064	3075	3097	3120	3131	3097.15	21.4998	
1437732600 	1099	3064	3074	3096	3119	3130	3096.94	21.2215	
1437733200 	1099	3065	3074	3096	3119	3144	3097.21	21.3556	
1437733800 	1099	3066	3074	3097	3119	3131	3097.16	21.1769	
1437734400 	1099	3065	3075	3096	3120	3131	3097.35	21.2661	
1437735000 	1099	3064	3075	3097	3119	3143	3097.39	21.0609	
1437735600 	1099	3066	3075	3097	3120	3132	3097.69	21.1607	
1437736200 	1099	3066	3076	3097	3120	3131	3097.69	20.8546	
1437736800 	1099	3065	3075	3097	3120	3132	3097.96	21.1524	
1437737400 	1099	3067	3076	3098	3121	3133	3098.34	21.0407	
1437738000 	1099	3066	3076	3097	3120	3133	3098.24	21.0575	
1437738600 	1099	3067	3077	3098	3120	3133	3098.07	20.4777	
1437739200 	1099	3066	3076	3097	3120	3137	3098.22	20.8561	
1437739800 	1099	3064	3076	3097	3119	3131	3097.65	20.774	
1437740400 	1098	3063	3075	3097	3120	3130	3097.26	20.8247	
1437741000 	1098	3065	3075	3097	3119	3133	3097.2	20.9016	
1437741600 	1098	3063	3075	3097	3119	3131	3097.12	21.0136	
1437742200 	1099	3065	3075	3096	3119	3130	3097.11	20.8689	
1437742800 	1099	3064	3075	3096	3118	3131	3096.81	20.7316	
1437743400 	1099	3064	3075	3096	3119	3130	3097.15	20.8564	
1437744000 	1099	3063	3075	3097	3119	3130	3097.13	21.0338	
1437744600 	1099	3064	3075	3097	3119	3134	3097.31	20.9374	
1437745200 	1099	3065	3075	3097	3119	3130	3097.29	20.7801	
1437745800 	1098	3065	3076	3096.5	3119	3131	3097.47	20.926	
1437746400 	1098	3064	3075	3097	3119	3130	3097.22	20.674	
1437747000 	1099	3065	3075	3097	3119	3130	3096.99	20.6761	
1437747600 	1099	3065	3075	3097	3119	3131	3097.04	20.9754	
1437748200 	1099	3066	3075	3097	3118	3135	3096.99	20.5729	
1437748800 	1099	3064	3075	3097	3119	3130	3097.21	20.8476	
1437749400 	1099	3065	3075	3097	3118	3130	3097.23	20.6998	
1437750000 	1098	3065	3075	3097	3120	3131	3097.11	20.9645	
1437750600 	1098	3066	3075	3097	3119	3131	3097.32	20.7051	
1437751200 	1098	3064	3075	3097	3119	3130	3097.12	20.5542	
1437751800 	1099	3066	3075	3097	3119	3130	3097.33	20.8322	
1437752400 	1099	3064	3075	3097	3119	3135	3096.94	20.7487	
1437753000 	1099	3063	3074	3096	3118	3129	3096.51	20.768	
1437753600 	1099	3065	3074	3096	3118	3129	3096.11	20.7317	
1437754200 	1098	3063	3074	3095	3117	3131	3095.49	20.6218	
1437754800 	1098	3063	3073	3095	3117	3127	3095.15	20.5609	
1437755400 	1098	3061	3073	3095	3117	3127	3095.19	20.6225	
1437756000 	1098	3063	3073	3096	3117	3128	3095.16	20.4739	
1437756600 	1098	3061	3072	3094	3116	3126	3094.03	20.8905	
1437757200 	1097	3061	3072	3094	3115	3125	3093.34	20.669	
1437757800 	1099	3061	3072	3093	3115	3127	3092.99	20.8079	
1437758400 	1098	3060	3071	3093	3114	3128	3092.14	20.5441	
1437759000 	1098	3058	3070	3092.5	3114	3125	3091.95	20.8985	
1437759600 	1099	3058	3069	3092	3113	3124	3091	20.9145	
1437760200 	1099	3057	3069	3091	3112	3124	3090.52	20.6517	
1437760800 	1099	3058	3070	3091	3112	3125	3090.49	20.6691	
1437761400 	1099	3058	3069	3091	3112	3125	3090.6	20.9358	
1437762000 	1099	3058	3069	3091	3113	3122	3090.57	20.7736	
1437762600 	1099	3058	3069	3091	3111	3122	3089.96	20.6535	
1437763200 	1099	3057	3068	3090	3111	3123	3089.52	20.7848	
1437763800 	1099	3057	3068	3090	3110	3123	3088.98	20.4898	
1437764400 	1099	3056	3068	3089	3109	3120	3088.34	20.0361	
1437765000 	1099	3057	3068	3088	3109	3121	3088.15	20.0179	
1437765600 	1099	3057	3067	3088	3108	3119	3087.78	20.1888	
1437766200 	1099	3055	3067	3088	3109	3119	3087.58	20.1438	
1437766800 	1099	3057	3068	3089	3110	3120	3088.28	20.2261	
1437767400 	1099	3056	3068	3089	3109	3121	3088.19	20.1352	
1437768000 	1099	3056	3068	3088	3109	3121	3087.79	20.2309	
1437768600 	1099	3056	3068	3088	3108	3119	3087.7	20.0645	
1437769200 	1099	3057	3067	3089	3109	3120	3088.13	20.3734	
1437769800 	1099	3056	3067	3088	3108	3120	3087.73	20.0352	
1437770400 	1099	3055	3067	3088	3110	3120	3088.06	20.3219	
1437771000 	1099	3055	3067	3088	3108	3121	3087.33	20.2324	
1437771600 	1099	3057	3067	3087	3108	3119	3087.3	19.9093	
1437772200 	1098	3055	3066	3086.5	3106	3118	3086.31	19.5121	
1437772800 	1098	3054	3066	3085.5	3106	3125	3085.88	19.3821	
1437773400 	1098	3055	3066	3085	3106	3117	3085.6	19.6654	
1437774000 	1098	3054	3066	3086	3106	3118	3085.88	19.5923	
1437774600 	1099	3053	3066	3086	3106	3117	3085.51	19.6203	
1437775200 	1099	3053	3065	3086	3105	3118	3085.51	19.5674	
1437775800 	1099	3055	3066	3086	3106	3117	3085.9	19.5829	
1437776400 	1099	3055	3067	3086	3106	3117	3086.2	19.5903	
1437777000 	1099	3055	3066	3086	3106	3123	3086.03	19.6139	
1437777600 	1099	3055	3066	3085	3106	3118	3085.61	19.4235	
1437778200 	1099	3054	3066	3088	3107	3118	3086.8	19.9756	
1437778800 	1099	3055	3067	3088	3109	3120	3087.69	19.9752	
1437779400 	1099	3056	3067	3089	3109	3121	3088.23	20.1019	
1437780000 	1098	3057	3068	3088.5	3110	3121	3088.85	20.0543	
1437780600 	1098	3057	3069	3090	3111	3121	3089.51	20.0588	
1437781200 	1098	3059	3069	3091	3112	3123	3090.32	20.2788	
1437781800 	1099	3059	3070	3090	3112	3123	3090.56	20.0708	
1437782400 	1099	3058	3070	3091	3112	3122	3090.67	20.1354	
1437783000 	1099	3060	3070	3091	3112	3128	3090.98	20.1618	
1437783600 	1099	3059	3071	3092	3112	3123	3091.47	19.8434	
1437784200 	1099	3061	3071	3092	3112	3124	3091.46	20.014	
1437784800 	1099	3061	3071	3092	3113	3123	3091.68	19.926	
1437785400 	1099	3060	3071	3092	3113	3132	3091.94	20.1163	
1437786000 	1099	3062	3071	3092	3113	3124	3092.24	19.999	
1437786600 	1099	3060	3072	3093	3113	3124	3092.55	20.1511	
1437787200 	1099	3062	3071	3094	3114	3125	3092.6	20.2385	
1437787800 	1099	3061	3072	3093	3114	3125	3092.87	20.4184	
1437788400 	1098	3062	3072	3094	3114	3126	3093.35	20.2304	
1437789000 	1098	3061	3072	3093.5	3114	3126	3093.17	20.2917	
1437789600 	1099	3062	3072	3093	3115	3126	3093.3	20.329	
1437790200 	1099	3061	3072	3095	3115	3127	3093.83	20.7225	
1437790800 	1099	3061	3073	3094	3116	3127	3094.11	20.5885	
1437791400 	1099	3061	3073	3095	3116	3126	3094.12	20.6726	
1437792000 	1099	3062	3072	3094	3115	3127	3093.9	20.709	
1437792600 	1099	3061	3073	3095	3116	3127	3094.15	20.6999	
1437793200 	1099	3061	3073	3095	3116	3127	3094.26	20.6891	
1437793800 	1099	3060	3073	3095	3116	3127	3094.12	20.5731	
1437794400 	1099	3060	3072	3094	3115	3125	3093.32	20.6715	
1437795000 	1099	3060	3071	3093	3114	3128	3092.27	20.6111	
1437795600 	1099	3058	3071	3092	3113	3125	3091.63	20.3778	
1437796200 	1099	3058	3070	3091	3111	3123	3090.7	20.3824	
1437796800 	1099	3056	3069	3090	3111	3122	3090.14	20.277	
1437797400 	1098	3058	3069	3090.5	3112	3123	3090.01	20.5905	
1437798000 	1098	3057	3069	3090	3110	3121	3089.58	20.352	
1437798600 	1097	3057	3068	3089	3110	3121	3089.2	20.147	
1437799200 	1098	3056	3068	3088.5	3110	3121	3088.86	20.2632	
1437799800 	1099	3058	3068	3089	3110	3122	3089.11	20.6748	
1437800400 	1099	3055	3068	3089	3110	3123	3088.89	20.4966	
1437801000 	1099	3057	3068	3089	3109	3121	3088.57	20.2413	
1437801600 	1099	3057	3067	3088	3109	3127	3088.39	20.3158	
1437802200 	1099	3057	3068	3089	3109	3121	3088.53	20.3747	
1437802800 	1099	3055	3068	3089	3110	3124	3088.56	20.3227	
1437803400 	1099	3057	3067	3089	3109	3121	3088.48	20.3886	
1437804000 	1099	3057	3068	3088	3109	3121	3088.24	20.2251	
1437804600 	1099	3056	3068	3089	3109	3121	3088.49	19.7982	
1437805200 	1099	3057	3069	3089	3111	3122	3089.52	19.9628	
1437805800 	1099	3058	3070	3090	3111	3121	3089.83	19.9771	
1437806400 	1099	3056	3070	3090	3111	3122	3090.08	19.9273	
1437807000 	1099	3060	3071	3091	3112	3123	3091.04	20.1422	
1437807600 	1098	3060	3071	3091	3112	3123	3091.38	20.0936	
1437808200 	1097	3060	3071	3091	3113	3123	3091.57	19.9606	
1437808800 	1098	3060	3071	3092	3114	3123	3091.84	19.9168	
1437809400 	1099	3061	3072	3092	3113	3124	3092.5	20.1409	
1437810000 	1099	3061	3072	3092	3114	3125	3092.87	19.98	
1437810600 	1099	3061	3072	3093	3115	3125	3093.17	20.4381	
1437811200 	1099	3061	3072	3093	3115	3127	3093.37	20.3991	
1437811800 	1099	3062	3073	3094	3116	3126	3093.95	20.2553	
1437812400 	1099	3062	3073	3094	3116	3128	3094.1	20.3521	
1437813000 	1099	3062	3072	3094	3115	3127	3093.95	20.4552	
1437813600 	1099	3063	3073	3093	3116	3127	3094.45	20.5645	
1437814200 	1099	3063	3074	3094	3116	3126	3094.5	20.2481	
1437814800 	1099	3064	3073	3094	3116	3127	3094.49	20.3356	
1437815400 	1099	3064	3074	3095	3116	3133	3095.14	20.4018	
1437816000 	1098	3061	3074	3096	3116	3129	3095.31	20.3251	
1437816600 	1098	3061	3074	3096	3117	3130	3095.52	20.4494	
1437817200 	1098	3065	3075	3096	3117	3129	3096.04	20.4556	
1437817800 	1098	3064	3074	3096	3117	3128	3095.77	20.3406	
1437818400 	1098	3065	3074	3095.5	3118	3129	3096	20.5373	
1437819000 	1098	3064	3075	3093.5	3118	3130	3096.11	20.372	
1437819600 	1098	3065	3075	3096	3117	3130	3096.18	20.5544	
1437820200 	1099	3063	3075	3096	3118	3128	3096.23	20.4806	
1437820800 	1099	3066	3075	3096	3118	3135	3096.2	20.1621	
1437821400 	1099	3065	3075	3096	3118	3130	3096.56	20.4119	
1437822000 	1099	3065	3075	3097	3118	3129	3096.61	20.1524	
1437822600 	1099	3065	3075	3097	3117	3130	3096.51	20.131	
1437823200 	1099	3065	3076	3097	3118	3129	3096.73	20.2411	
1437823800 	1099	3066	3075	3097	3118	3130	3096.9	20.4137	
1437824400 	1099	3065	3076	3097	3119	3131	3097.08	20.7219	
1437825000 	1099	3065	3075	3097	3118	3136	3097.07	20.4271	
1437825600 	1098	3064	3076	3097	3119	3133	3097.22	20.5297	
1437826200 	1098	3065	3076	3097	3118	3131	3097.06	20.234	
1437826800 	1098	3066	3076	3096.5	3118	3129	3096.83	20.3576	
1437827400 	1098	3066	3075	3097	3119	3130	3097.03	20.5154	
1437828000 	1099	3066	3075	3096	3119	3130	3096.9	20.528	
1437828600 	1099	3064	3075	3096	3118	3129	3096.55	20.3455	
1437829200 	1099	3065	3075	3096	3117	3134	3096.46	20.1163	
1437829800 	1099	3065	3076	3097	3119	3131	3096.82	20.1585	
1437830400 	1099	3065	3076	3097	3118	3129	3096.76	20.0498	
1437831000 	1099	3066	3075	3097	3119	3130	3096.73	19.9838	
1437831600 	1099	3066	3076	3097	3119	3135	3097.38	20.7029	
1437832200 	1099	3066	3076	3097	3119	3130	3097.3	20.4308	
1437832800 	1099	3067	3076	3097	3119	3140	3097.33	20.2167	
1437833400 	1099	3067	3076	3097	3119	3131	3097.44	20.3902	
1437834000 	1099	3067	3076	3097	3119	3130	3097.5	20.135	
1437834600 	1099	3066	3076	3097	3119	3129	3097.27	20.2585	
1437835200 	1099	3066	3076	3097	3119	3130	3097.6	20.485	
1437835800 	1098	3067	3076	3097	3119	3130	3097.49	20.3184	
1437836400 	1098	3066	3076	3097	3119	3128	3097.26	20.424	
1437837000 	1097	3065	3075	3097	3119	3141	3097.17	20.3141	
1437837600 	1099	3066	3075	3096	3117	3129	3096.24	19.7697	
1437838200 	1099	3063	3075	3095	3116	3127	3094.87	19.9163	
1437838800 	1099	3064	3073	3094	3114	3127	3093.47	19.2973	
1437839400 	1099	3063	3073	3093	3114	3124	3093.23	19.6314	
1437840000 	1099	3060	3073	3093	3114	3124	3092.87	19.8838	
1437840600 	1098	3059	3072	3093	3113	3124	3092.3	20.0212	
1437841200 	1098	3060	3071	3092	3113	3125	3091.99	20.3118	
1437841800 	1099	3060	3072	3091	3112	3124	3091.71	19.9626	
1437842400 	1099	3060	3072	3091	3112	3123	3091.57	19.8	
1437843000 	1099	3060	3072	3091	3112	3124	3091.4	19.4872	
1437843600 	1099	3061	3072	3092	3113	3124	3092.13	19.7675	
1437844200 	1099	3062	3072	3093	3113	3124	3092.39	19.6099	
1437844800 	1099	3061	3072	3092	3113	3123	3092.14	19.5415	
1437845400 	1099	3061	3072	3092	3113	3125	3092.29	19.5038	
1437846000 	1097	3062	3072	3092	3112	3124	3092.24	19.5672	
1437846600 	1099	3060	3072	3092	3112	3129	3091.66	19.5592	
1437847200 	1099	3060	3072	3090	3111	3124	3091.13	19.5363	
1437847800 	1098	3060	3071	3091	3112	3124	3091.21	19.6199	
1437848400 	1098	3060	3072	3092	3113	3130	3091.83	19.811	
1437849000 	1098	3062	3072	3089.5	3111	3122	3091.28	19.1574	
1437849600 	1099	3060	3072	3092	3112	3125	3091.78	19.4014	
1437850200 	1099	3063	3073	3092	3113	3123	3092.26	19.2701	
1437850800 	1099	3062	3073	3092	3112	3123	3092.14	19.3238	
1437851400 	1099	3062	3072	3092	3112	3125	3092.04	19.4279	
1437852000 	1099	3061	3073	3093	3113	3126	3092.79	19.5406	
1437852600 	1099	3062	3073	3094	3114	3125	3093.32	19.7087	
1437853200 	1099	3063	3072	3093	3114	3124	3093.06	19.8268	
1437853800 	1099	3063	3073	3093	3115	3124	3093.75	19.9222	
1437854400 	1098	3063	3074	3093	3115	3125	3093.9	19.5776	
1437855000 	1098	3063	3073	3093.5	3115	3125	3093.97	19.7672	
1437855600 	1098	3064	3073	3094	3115	3126	3094.13	19.9537	
1437856200 	1099	3065	3074	3094	3115	3126	3094.56	19.8014	
1437856800 	1099	3064	3074	3095	3115	3126	3094.54	19.8341	
1437857400 	1099	3064	3074	3094	3115	3126	3094.48	19.8669	
1437858000 	1099	3065	3074	3094	3115	3128	3094.56	19.7315	
1437858600 	1099	3065	3074	3094	3114	3126	3094.63	19.5078	
1437859200 	1099	3065	3074	3094	3115	3126	3094.36	19.7228	
1437859800 	1099	3065	3074	3094	3115	3125	3094.67	19.6877	
1437860400 	1099	3065	3074	3094	3115	3126	3094.52	19.4536	
1437861000 	1099	3063	3073	3094	3114	3125	3093.93	19.4307	
1437861600 	1099	3062	3072	3092	3113	3125	3092.7	19.8149	
1437862200 	1099	3063	3074	3094	3115	3125	3094.17	19.5707	
1437862800 	1099	3065	3074	3095	3115	3125	3094.47	19.4827	
1437863400 	1097	3064	3075	3095	3116	3126	3094.74	19.6743	
1437864000 	1098	3066	3075	3094.5	3116	3126	3095.27	19.7588	
1437864600 	1098	3065	3075	3096	3117	3127	3095.49	19.9923	
1437865200 	1099	3066	3075	3095	3116	3127	3095.72	19.9648	
1437865800 	1099	3065	3074	3095	3117	3128	3095.44	19.7048	
1437866400 	1099	3064	3075	3096	3117	3127	3095.76	20.2037	
1437867000 	1099	3066	3075	3096	3117	3127	3095.73	20.0254	
1437867600 	1099	3065	3075	3095	3117	3126	3095.49	19.9571	
1437868200 	1099	3066	3075	3096	3117	3127	3095.87	20.092	
1437868800 	1099	3065	3075	3095	3117	3126	3095.58	20.0803	
1437869400 	1099	3063	3074	3095	3115	3126	3094.37	19.8666	
1437870000 	1099	3063	3074	3095	3116	3129	3094.89	20.3601	
1437870600 	1099	3062	3074	3094	3116	3126	3094.81	20.1631	
1437871200 	1099	3061	3073	3095	3116	3126	3094.53	20.3324	
1437871800 	1099	3064	3074	3094	3116	3126	3094.68	19.8178	
1437872400 	1098	3064	3074	3095	3116	3127	3094.88	20.1201	
1437873000 	1098	3064	3075	3096	3117	3128	3095.62	20.2806	
1437873600 	1098	3064	3074	3095	3117	3126	3095.3	20.0782	
1437874200 	1098	3064	3075	3095.5	3118	3128	3095.46	20.2165	
1437874800 	1099	3064	3074	3096	3117	3132	3095.34	20.5351	
1437875400 	1099	3062	3074	3095	3117	3127	3095.04	20.407	
1437876000 	1099	3064	3074	3095	3117	3128	3095.06	20.5179	
1437876600 	1099	3062	3074	3095	3116	3126	3094.79	20.2783	
1437877200 	1099	3063	3074	3095	3117	3127	3094.9	20.4567	
1437877800 	1099	3064	3074	3095	3116	3129	3094.81	20.2813	
1437878400 	1099	3063	3074	3095	3116	3126	3094.53	20.2907	
1437879000 	1099	3061	3073	3095	3116	3126	3094.12	20.1159	
1437879600 	1099	3062	3073	3094	3115	3126	3093.57	20.0558	
1437880200 	1099	3061	3072	3094	3115	3126	3093.26	20.3066	
1437880800 	1099	3060	3072	3094	3114	3125	3093.11	20.2909	
1437881400 	1099	3060	3072	3093	3113	3124	3092.57	20.0779	
1437882000 	1099	3059	3071	3092	3114	3130	3092.07	20.3416	
1437882600 	1098	3061	3071	3093	3114	3124	3092.43	20.445	
1437883200 	1098	3061	3072	3092.5	3114	3128	3092.79	20.3391	
1437883800 	1098	3061	3072	3094	3115	3125	3093.45	20.4804	
1437884400 	1098	3063	3072	3093.5	3116	3126	3094.18	20.665	
1437885000 	1099	3061	3073	3094	3116	3129	3094.46	20.4112	
1437885600 	1099	3063	3073	3095	3117	3128	3094.76	20.5581	
1437886200 	1099	3064	3074	3095	3117	3128	3095.12	20.2561	
1437886800 	1099	3064	3074	3096	3117	3128	3095.33	20.5196	
1437887400 	1099	3064	3075	3096	3118	3129	3096.06	20.6301	
1437888000 	1099	3064	3075	3096	3118	3129	3096.31	20.5756	
1437888600 	1099	3065	3074	3096	3119	3129	3096.53	20.8695	
1437889200 	1099	3066	3075	3097	3118	3130	3096.77	20.7245	
1437889800 	1099	3065	3075	3097	3119	3130	3096.95	20.9632	
1437890400 	1099	3066	3075	3097	3120	3132	3097.46	21.0107	
1437891000 	1099	3065	3075	3097	3120	3134	3097.66	20.9136	
1437891600 	1099	3066	3076	3097	3120	3133	3098.03	21.0524	
1437892200 	1099	3066	3076	3097	3120	3133	3098.02	20.8053	
1437892800 	1099	3067	3076	3098	3121	3135	3098.57	21.2625	
1437893400 	1098	3066	3076	3097	3120	3134	3098.25	21.0385	
1437894000 	1098	3066	3076	3098	3120	3133	3098.26	20.8657	
1437894600 	1098	3066	3076	3098	3120	3132	3098.24	20.8009	
1437895200 	1098	3066	3076	3097	3120	3132	3098.23	20.8281	
1437895800 	1099	3065	3076	3098	3120	3132	3098.22	20.6051	
1437896400 	1099	3067	3076	3098	3120	3132	3098.5	20.8453	
1437897000 	1099	3067	3076	3098	3121	3133	3098.65	20.8512	
1437897600 	1099	3067	3077	3098	3122	3133	3098.86	21.1172	
1437898200 	1099	3067	3077	3098	3121	3132	3098.89	20.9882	
1437898800 	1099	3067	3077	3098	3120	3134	3098.86	20.898	
1437899400 	1099	3067	3077	3098	3121	3134	3099.08	20.9965	
1437900000 	1099	3066	3077	3099	3121	3134	3099.2	21.0059	
1437900600 	1099	3068	3077	3099	3121	3133	3099.26	20.9881	
1437901200 	1099	3068	3077	3099	3121	3134	3099.53	21.1487	
1437901800 	1099	3068	3077	3099	3122	3133	3099.72	21.0763	
1437902400 	1099	3068	3077	3100	3123	3135	3100.14	21.3538	
1437903000 	1099	3068	3078	3100	3123	3135	3100.28	21.0346	
1437903600 	1099	3068	3078	3100	3123	3137	3100.48	21.4238	
1437904200 	1098	3068	3078	3101	3123	3135	3100.91	21.4175	
1437904800 	1098	3070	3079	3101	3124	3136	3101.06	21.475	
1437905400 	1098	3069	3079	3100.5	3124	3136	3101.11	21.4052	
1437906000 	1098	3070	3079	3101	3124	3136	3101.26	21.3959	
1437906600 	1099	3070	3078	3101	3123	3137	3101.12	21.3272	
1437907200 	1099	3068	3078	3101	3125	3136	3101.31	21.4397	
1437907800 	1099	3069	3078	3102	3125	3139	3101.5	21.5571	
1437908400 	1099	3070	3079	3101	3125	3137	3101.51	21.5293	
1437909000 	1099	3070	3078	3102	3125	3138	3101.65	21.4297	
1437909600 	1099	3070	3079	3102	3125	3136	3101.85	21.391	
1437910200 	1099	3070	3080	3102	3125	3138	3102.09	21.4293	
1437910800 	1099	3070	3079	3102	3125	3138	3102.06	21.9289	
1437911400 	1099	3070	3079	3102	3126	3138	3102.03	21.6089	
1437912000 	1099	3072	3080	3102	3125	3138	3102.4	21.6941	
1437912600 	1099	3070	3080	3102	3125	3138	3102.18	21.3617	
1437913200 	1099	3069	3079	3101	3125	3138	3101.87	21.3052	
1437913800 	1098	3070	3079	3102.5	3125	3139	3102.2	21.5141	
1437914400 	1098	3070	3079	3103	3126	3140	3102.77	21.7991	
1437915000 	1099	3070	3079	3102	3125	3141	3102.63	21.86	
1437915600 	1099	3070	3080	3102	3125	3140	3102.29	21.3608	
1437916200 	1099	3070	3079	3102	3125	3140	3102.26	21.6137	
1437916800 	1099	3070	3080	3102	3125	3136	3102.02	21.4083	
1437917400 	1099	3069	3079	3102	3125	3138	3101.64	21.4966	
1437918000 	1099	3068	3078	3100	3124	3135	3100.83	21.3224	
1437918600 	1099	3068	3078	3099	3123	3134	3100.29	21.2824	
1437919200 	1099	3067	3077	3099	3122	3143	3099.69	20.8342	
1437919800 	1099	3068	3077	3099	3122	3134	3099.26	21.1572	
1437920400 	1099	3067	3077	3098	3121	3133	3098.78	20.8216	
1437921000 	1099	3067	3076	3098	3121	3133	3098.48	20.7022	
1437921600 	1099	3067	3076	3098	3121	3132	3098.65	20.9995	
1437922200 	1098	3066	3077	3098.5	3121	3132	3098.62	21.088	
1437922800 	1099	3065	3077	3098	3121	3133	3098.39	20.7724	
1437923400 	1099	3067	3077	3098	3121	3132	3098.81	20.9127	
1437924000 	1099	3067	3077	3098	3121	3134	3098.32	20.8329	
1437924600 	1099	3066	3076	3098	3120	3131	3098.02	21.0353	
1437925200 	1099	3065	3076	3098	3121	3130	3097.87	21.0302	
1437925800 	1099	3064	3076	3098	3120	3135	3097.68	20.868	
1437926400 	1099	3066	3076	3097	3119	3131	3097.37	20.5522	
1437927000 	1099	3066	3075	3098	3119	3130	3097.37	20.8243	
1437927600 	1099	3064	3076	3097	3119	3129	3097.1	20.4575	
1437928200 	1099	3066	3075	3097	3118	3130	3096.67	20.5812	
1437928800 	1098	3066	3075	3097	3119	3132	3097.28	20.8937	
1437929400 	1098	3065	3076	3097	3120	3131	3097.82	20.7946	
1437930000 	1098	3067	3076	3097	3120	3132	3098.15	20.711	
1437930600 	1098	3067	3077	3098	3121	3133	3098.69	20.914	
1437931200 	1099	3068	3077	3099	3122	3134	3099.29	20.8671	
1437931800 	1099	3068	3078	3098	3122	3135	3099.49	21.1692	
1437932400 	1099	3067	3078	3099	3123	3133	3099.81	21.1268	
1437933000 	1099	3069	3078	3100	3123	3135	3100.37	21.4765	
1437933600 	1099	3069	3078	3100	3123	3135	3100.47	21.3489	
1437934200 	1099	3069	3078	3100	3124	3137	3100.88	21.4615	
1437934800 	1099	3069	3078	3100	3125	3137	3100.96	21.2684	
1437935400 	1099	3069	3078	3101	3125	3136	3101.09	21.4935	
1437936000 	1099	3069	3079	3100	3124	3137	3101.41	21.3773	
1437936600 	1099	3070	3079	3102	3125	3140	3101.59	21.4797	
1437937200 	1098	3071	3079	3101.5	3125	3138	3101.85	21.3547	
1437937800 	1099	3069	3079	3101	3125	3137	3101.91	21.6348	
1437938400 	1099	3071	3079	3101	3125	3136	3101.87	21.3144	
1437939000 	1099	3070	3079	3102	3125	3139	3102.19	21.2598	
1437939600 	1099	3071	3080	3101	3125	3138	3101.97	21.1286	
1437940200 	1099	3071	3080	3102	3125	3137	3102.39	21.5725	
1437940800 	1099	3069	3080	3102	3125	3139	3102.61	21.6082	
1437941400 	1099	3070	3080	3102	3125	3138	3102.48	21.5174	
1437942000 	1099	3071	3080	3102	3126	3138	3102.56	21.4364	
1437942600 	1099	3070	3080	3103	3126	3139	3102.89	21.8662	
1437943200 	1099	3070	3080	3103	3126	3139	3103.05	21.8348	
1437943800 	1099	3070	3080	3103	3126	3140	3103.5	21.8634	
1437944400 	1099	3070	3080	3104	3126	3140	3103.51	22.0874	
1437945000 	1099	3070	3080	3104	3126	3140	3103.03	21.877	
1437945600 	1098	3070	3080	3103	3126	3140	3102.9	21.8067	
1437946200 	1098	3070	3080	3102	3126	3137	3102.45	21.4031	
1437946800 	1098	3068	3079	3100	3124	3136	3101.1	20.8639	
1437947400 	1099	3068	3079	3100	3123	3135	3100.65	20.9844	
1437948000 	1099	3067	3078	3100	3124	3136	3100.43	21.4194	
1437948600 	1099	3067	3078	3099	3123	3135	3099.92	21.1444	
1437949200 	1099	3067	3078	3099	3122	3134	3099.46	20.7954	
1437949800 	1099	3068	3077	3099	3122	3141	3099.41	21.2916	
1437950400 	1099	3066	3077	3098	3121	3133	3098.86	20.871	
1437951000 	1099	3067	3077	3099	3122	3134	3099.2	21.0506	
1437951600 	1099	3066	3077	3099	3122	3135	3099.36	21.1144	
1437952200 	1099	3067	3077	3098	3121	3133	3098.79	21.1826	
1437952800 	1099	3067	3077	3098	3121	3132	3098.54	21.0208	
1437953400 	1099	3066	3077	3098	3121	3131	3098.28	21.0602	
1437954000 	1099	3066	3076	3097	3120	3131	3097.57	20.7538	
1437954600 	1099	3064	3074	3097	3119	3130	3096.76	20.9616	
1437955200 	1099	3064	3074	3096	3118	3138	3096.06	20.7513	
1437955800 	1098	3062	3074	3095.5	3117	3128	3095.49	20.5498	
1437956400 	1098	3064	3074	3095	3117	3127	3095.34	20.7965	
1437957000 	1098	3063	3073	3095	3117	3127	3094.87	20.5851	
1437957600 	1098	3062	3073	3094.5	3116	3127	3094.17	20.4062	
1437958200 	1099	3063	3074	3095	3115	3126	3094.36	20.1814	
1437958800 	1099	3062	3073	3094	3115	3126	3094.16	20.3536	
1437959400 	1099	3063	3073	3095	3116	3129	3094.46	20.4375	
1437960000 	1099	3064	3073	3095	3116	3126	3094.41	20.4506	
1437960600 	1099	3060	3073	3095	3116	3126	3094.4	20.6025	
1437961200 	1099	3062	3073	3096	3117	3128	3095.28	20.8112	
1437961800 	1099	3064	3074	3096	3117	3127	3095.06	20.4627	
1437962400 	1099	3064	3074	3096	3118	3132	3095.72	20.5089	
1437963000 	1099	3064	3075	3096	3118	3128	3095.8	20.5094	
1437963600 	1099	3065	3075	3097	3119	3130	3096.52	20.8633	
1437964200 	1099	3064	3075	3097	3119	3129	3096.67	20.7155	
1437964800 	1099	3065	3075	3097	3119	3136	3096.88	20.8016	
1437965400 	1099	3064	3075	3097	3119	3130	3097.01	20.9392	
1437966000 	1098	3065	3075	3097	3119	3131	3097.06	21.0202	
1437966600 	1098	3065	3075	3097	3118	3130	3096.64	20.7247	
1437967200 	1098	3063	3074	3096	3119	3136	3096.43	21.0723	
1437967800 	1098	3063	3074	3096	3119	3130	3096.22	20.9892	
1437968400 	1098	3064	3074	3096	3118	3130	3095.99	21.0759	
1437969000 	1099	3062	3075	3096	3118	3129	3095.84	21.0429	
1437969600 	1099	3063	3074	3096	3118	3129	3095.85	20.9826	
