1437358800 	1099	3059	3073	3105	3137	3152	3104.66	30.8134	
1437359400 	1099	3057	3073	3105	3136	3152	3104.36	30.3879	
1437360000 	1099	3057	3073	3105	3136	3153	3104.14	30.8006	
1437360600 	1099	3057	3073	3103	3135	3151	3103.53	30.64	
1437361200 	1099	3058	3073	3105	3136	3155	3103.95	30.9188	
1437361800 	1099	3057	3072	3105	3136	3152	3103.9	31.0535	
1437362400 	1099	3055	3072	3103	3135	3154	3103.54	31.1384	
1437363000 	1099	3057	3072	3104	3135	3155	3103.48	30.9319	
1437363600 	1099	3057	3072	3105	3137	3154	3104.53	31.3492	
1437364200 	1099	3058	3074	3105	3137	3155	3105.12	31.1246	
1437364800 	1099	3058	3074	3106	3138	3155	3105.1	31.1514	
1437365400 	1099	3058	3075	3105	3138	3154	3105.56	31.2541	
1437366000 	1099	3059	3075	3106	3138	3158	3106.27	31.4912	
1437366600 	1099	3059	3074	3106	3139	3158	3106.77	31.4912	
1437367200 	1098	3059	3076	3106	3140	3157	3106.78	31.5457	
1437367800 	1097	3061	3076	3106	3141	3158	3107.25	31.3574	
1437368400 	1098	3061	3076	3108	3141	3158	3108	31.6487	
1437369000 	1098	3062	3077	3108	3141	3161	3108.39	31.4472	
1437369600 	1097	3062	3077	3108	3141	3160	3108.4	31.4246	
1437370200 	1098	3062	3076	3108	3141	3159	3108.45	31.7267	
1437370800 	1099	3060	3077	3108	3142	3163	3108.72	32.0145	
1437371400 	1099	3063	3077	3109	3142	3159	3109.37	31.5743	
1437372000 	1099	3062	3077	3109	3142	3160	3108.89	31.3484	
1437372600 	1099	3061	3077	3110	3142	3159	3109.13	31.5473	
1437373200 	1099	3062	3077	3109	3143	3162	3109.54	31.8882	
1437373800 	1099	3062	3077	3110	3143	3160	3109.71	31.3186	
1437374400 	1099	3062	3078	3110	3143	3160	3109.78	31.6979	
1437375000 	1099	3063	3078	3109	3143	3160	3109.92	31.6707	
1437375600 	1099	3063	3077	3110	3143	3161	3110.19	31.9325	
1437376200 	1099	3063	3078	3110	3142	3166	3110.36	31.6492	
1437376800 	1099	3064	3078	3109	3142	3161	3110.01	31.4455	
1437377400 	1099	3063	3078	3110	3143	3160	3110.39	31.5389	
1437378000 	1099	3064	3079	3110	3143	3161	3110.49	31.3783	
1437378600 	1099	3063	3079	3110	3144	3161	3110.49	31.4762	
1437379200 	1099	3063	3079	3110	3144	3162	3110.67	31.6583	
1437379800 	1098	3065	3079	3110	3144	3161	3110.92	31.4218	
1437380400 	1097	3065	3078	3111	3143	3161	3110.7	31.2516	
1437381000 	1098	3064	3079	3110	3143	3161	3110.88	31.5147	
1437381600 	1098	3065	3079	3111	3144	3162	3110.96	31.3628	
1437382200 	1099	3063	3079	3110	3145	3162	3110.86	31.6117	
1437382800 	1099	3064	3080	3111	3144	3162	3111.35	31.6508	
1437383400 	1099	3062	3080	3111	3145	3162	3111.9	31.8281	
1437384000 	1099	3065	3079	3112	3145	3165	3111.89	31.96	
1437384600 	1099	3065	3080	3111	3145	3162	3111.97	31.6461	
1437385200 	1099	3065	3080	3111	3145	3161	3112.09	31.5305	
1437385800 	1099	3064	3080	3111	3145	3163	3112.01	31.7474	
1437386400 	1099	3065	3080	3113	3144	3162	3112.25	31.6121	
1437387000 	1099	3066	3080	3111	3145	3161	3112.16	31.5667	
1437387600 	1099	3065	3080	3111	3145	3162	3112.33	31.6763	
1437388200 	1099	3065	3081	3113	3145	3162	3112.47	31.3532	
1437388800 	1099	3066	3081	3111	3145	3163	3112.31	31.5626	
1437389400 	1099	3065	3081	3112	3145	3163	3112.74	31.3601	
1437390000 	1099	3066	3082	3112	3145	3164	3112.68	31.205	
1437390600 	1098	3065	3081	3112.5	3145	3162	3112.63	31.4137	
1437391200 	1098	3067	3081	3112	3145	3164	3113.21	31.927	
1437391800 	1098	3066	3081	3112	3145	3171	3112.84	31.5199	
1437392400 	1098	3065	3081	3112	3145	3165	3112.76	31.8451	
1437393000 	1099	3065	3081	3112	3146	3166	3113.08	31.8256	
1437393600 	1099	3065	3081	3112	3145	3165	3112.73	31.3645	
1437394200 	1099	3065	3081	3112	3145	3164	3112.78	31.6874	
1437394800 	1099	3065	3081	3112	3145	3175	3112.99	31.8362	
1437395400 	1099	3065	3080	3111	3145	3165	3112.74	31.7452	
1437396000 	1099	3065	3081	3112	3146	3168	3113.87	32.1512	
1437396600 	1099	3066	3081	3112	3146	3167	3113.5	32.0573	
1437397200 	1099	3064	3081	3112	3146	3167	3113.16	31.8571	
1437397800 	1099	3066	3081	3112	3146	3165	3113.36	31.6433	
1437398400 	1099	3065	3080	3111	3146	3163	3113.04	31.6188	
1437399000 	1099	3064	3080	3112	3145	3165	3113.06	32.0724	
1437399600 	1099	3065	3081	3111	3145	3162	3112.14	31.4414	
1437400200 	1099	3064	3080	3111	3144	3163	3111.81	31.6031	
1437400800 	1099	3063	3079	3111	3144	3162	3111.7	31.6883	
1437401400 	1099	3061	3080	3110	3144	3165	3111.32	31.3584	
1437402000 	1099	3062	3078	3110	3144	3163	3110.79	31.8402	
1437402600 	1099	3063	3079	3110	3144	3164	3111.04	31.7565	
1437403200 	1099	3063	3079	3110	3144	3161	3110.91	31.8924	
1437403800 	1099	3061	3079	3111	3144	3161	3110.65	31.7599	
1437404400 	1099	3062	3079	3109	3144	3161	3110.48	31.8357	
1437405000 	1099	3062	3078	3109	3143	3161	3110.07	31.5334	
1437405600 	1099	3061	3078	3109	3142	3158	3109.63	31.6276	
1437406200 	1098	3062	3078	3110	3142	3159	3110.03	31.7356	
1437406800 	1098	3061	3078	3109	3142	3158	3109.41	31.565	
1437407400 	1099	3060	3077	3108	3142	3158	3109.11	31.8562	
1437408000 	1099	3061	3078	3109	3142	3160	3109	31.3784	
1437408600 	1099	3061	3077	3107	3139	3157	3106.88	30.6226	
1437409200 	1098	3059	3076	3106	3140	3155	3106.45	30.7453	
1437409800 	1098	3059	3077	3106.5	3140	3154	3106.56	30.433	
1437410400 	1098	3057	3076	3106	3139	3152	3106.01	30.9164	
1437411000 	1099	3058	3075	3106	3138	3153	3105.72	30.4361	
1437411600 	1099	3058	3075	3106	3139	3151	3105.58	30.517	
1437412200 	1099	3058	3075	3105	3136	3152	3104.43	30.298	
1437412800 	1099	3056	3074	3105	3136	3152	3104.34	30.3054	
1437413400 	1098	3059	3075	3106	3136	3154	3105.15	30.296	
1437414000 	1098	3058	3075	3105	3136	3155	3104.9	30.0647	
1437414600 	1098	3057	3074	3104.5	3135	3150	3104.53	29.9193	
1437415200 	1098	3059	3076	3105.5	3136	3153	3105.15	30.1161	
1437415800 	1099	3059	3076	3106	3136	3154	3105.43	30.2287	
1437416400 	1099	3058	3075	3106	3136	3153	3105.08	30.1196	
1437417000 	1099	3060	3076	3106	3137	3152	3105.44	30.4264	
1437417600 	1099	3058	3076	3106	3137	3153	3105.78	30.1721	
1437418200 	1098	3060	3076	3105.5	3136	3152	3105.23	29.9356	
1437418800 	1098	3057	3076	3105	3135	3152	3104.63	29.9725	
1437419400 	1098	3058	3075	3106	3135	3154	3104.5	30.0489	
1437420000 	1099	3057	3075	3105	3133	3153	3103.44	29.7269	
1437420600 	1099	3056	3074	3103	3133	3151	3103.05	29.9509	
1437421200 	1099	3057	3074	3103	3133	3150	3102.95	29.9815	
1437421800 	1099	3056	3074	3103	3133	3151	3103.03	29.5975	
1437422400 	1099	3056	3074	3102	3131	3147	3102.23	29.2983	
1437423000 	1099	3056	3073	3104	3132	3148	3102.1	29.8175	
1437423600 	1098	3055	3074	3102	3132	3148	3102.25	29.7555	
1437424200 	1098	3055	3072	3102	3131	3148	3101.75	29.5531	
1437424800 	1098	3054	3071	3102	3130	3146	3100.79	29.7327	
1437425400 	1098	3054	3072	3102.5	3131	3147	3101.41	29.8168	
1437426000 	1098	3056	3073	3103.5	3131	3148	3101.95	29.6721	
1437426600 	1099	3055	3072	3101	3131	3146	3101.34	29.6189	
1437427200 	1099	3055	3072	3101	3132	3147	3101.51	29.8847	
1437427800 	1099	3056	3072	3102	3132	3148	3101.86	29.6767	
1437428400 	1098	3056	3073	3102	3132	3146	3101.98	29.5855	
1437429000 	1098	3057	3073	3102	3132	3147	3101.61	29.5202	
1437429600 	1099	3054	3071	3101	3130	3146	3099.96	29.4136	
1437430200 	1099	3055	3071	3101	3131	3148	3100.58	29.8075	
1437430800 	1099	3053	3071	3101	3130	3146	3100.2	29.7089	
1437431400 	1099	3052	3071	3101	3129	3144	3099.49	29.6306	
1437432000 	1099	3053	3070	3101	3129	3145	3099.61	29.7274	
1437432600 	1099	3052	3070	3100	3130	3145	3099.63	29.5239	
1437433200 	1099	3054	3071	3101	3130	3146	3100.04	29.7186	
1437433800 	1099	3053	3071	3101	3130	3145	3100.43	29.7912	
1437434400 	1099	3055	3072	3102	3131	3148	3100.95	30.022	
1437435000 	1099	3054	3072	3102	3131	3147	3101.18	29.7724	
1437435600 	1098	3055	3072	3101.5	3131	3146	3101.26	29.9429	
1437436200 	1098	3056	3072	3101.5	3132	3147	3101.61	29.9663	
1437436800 	1099	3055	3073	3102	3132	3147	3102.11	29.8993	
1437437400 	1099	3055	3072	3102	3130	3148	3101.69	29.4362	
1437438000 	1099	3057	3073	3102	3131	3148	3102.47	29.632	
1437438600 	1099	3056	3073	3103	3134	3149	3102.65	29.7793	
1437439200 	1099	3057	3073	3103	3133	3156	3103.18	29.8832	
1437439800 	1099	3056	3073	3103	3133	3151	3103.04	30.0332	
1437440400 	1099	3056	3072	3102	3131	3149	3102.23	29.7611	
1437441000 	1099	3056	3072	3102	3132	3152	3102.25	30.0303	
1437441600 	1099	3056	3072	3102	3131	3149	3102.15	29.853	
1437442200 	1099	3055	3072	3102	3130	3149	3101.85	29.6637	
1437442800 	1097	3053	3072	3102	3131	3146	3101.6	29.7707	
1437443400 	1098	3055	3072	3102	3131	3152	3102.29	30.064	
1437444000 	1098	3055	3073	3102.5	3133	3148	3102.62	30.1225	
1437444600 	1099	3056	3073	3103	3131	3148	3102.5	29.8717	
1437445200 	1099	3054	3073	3103	3133	3150	3102.34	30.0292	
1437445800 	1099	3055	3072	3102	3133	3151	3102.81	30.1018	
1437446400 	1099	3055	3072	3104	3133	3152	3103.22	30.1165	
1437447000 	1099	3057	3073	3103	3133	3152	3103.14	30.0855	
1437447600 	1099	3056	3073	3103	3132	3151	3102.55	29.9176	
1437448200 	1099	3058	3073	3103	3134	3152	3103.8	30.4603	
1437448800 	1099	3058	3074	3105	3134	3154	3103.99	30.3461	
1437449400 	1099	3058	3074	3105	3135	3152	3103.85	30.3363	
1437450000 	1099	3058	3074	3104	3135	3151	3103.86	30.3126	
1437450600 	1099	3058	3074	3104	3136	3153	3104.43	30.5278	
1437451200 	1099	3059	3074	3105	3135	3152	3104.44	30.3404	
1437451800 	1099	3058	3075	3105	3135	3152	3104.37	30.3665	
1437452400 	1099	3058	3074	3105	3136	3152	3104.55	30.6246	
1437453000 	1098	3058	3074	3105	3135	3153	3104.73	30.209	
1437453600 	1098	3059	3074	3105	3136	3153	3104.97	30.5338	
1437454200 	1098	3059	3074	3104	3136	3153	3104.86	30.4205	
1437454800 	1099	3058	3075	3105	3136	3153	3105.12	30.3852	
1437455400 	1099	3058	3075	3105	3136	3153	3104.86	30.2487	
1437456000 	1099	3058	3076	3104	3135	3152	3104.29	30.2459	
1437456600 	1099	3058	3075	3105	3136	3152	3104.6	30.3468	
1437457200 	1099	3059	3075	3105	3138	3154	3105.42	30.6343	
1437457800 	1099	3058	3076	3106	3137	3154	3105.28	30.3793	
1437458400 	1099	3058	3074	3106	3137	3152	3105.19	30.5725	
1437459000 	1099	3057	3075	3105	3137	3154	3105.4	30.4733	
1437459600 	1099	3060	3076	3106	3138	3152	3105.99	30.5392	
1437460200 	1099	3060	3076	3106	3138	3153	3105.87	30.3148	
1437460800 	1099	3058	3076	3106	3138	3153	3105.98	30.8638	
1437461400 	1099	3059	3076	3106	3139	3154	3106.31	30.8838	
1437462000 	1099	3059	3076	3107	3139	3155	3106.45	30.6837	
1437462600 	1098	3060	3076	3106	3138	3154	3106.39	30.5637	
1437463200 	1098	3060	3077	3106	3139	3156	3106.67	30.7455	
1437463800 	1098	3060	3077	3107	3139	3154	3106.66	30.4587	
1437464400 	1098	3059	3077	3106.5	3139	3157	3106.83	30.6696	
1437465000 	1098	3061	3077	3106	3137	3157	3107.04	30.6047	
1437465600 	1099	3060	3077	3107	3139	3154	3107.2	30.5267	
1437466200 	1099	3060	3077	3107	3139	3154	3106.91	30.5054	
1437466800 	1099	3060	3077	3106	3138	3155	3106.85	30.4941	
1437467400 	1099	3060	3077	3107	3139	3157	3107.28	30.5679	
1437468000 	1099	3061	3077	3106	3139	3156	3107.48	30.8145	
1437468600 	1099	3059	3077	3106	3138	3155	3107.31	30.7037	
1437469200 	1099	3061	3077	3108	3139	3157	3107.55	30.6313	
1437469800 	1099	3062	3078	3107	3141	3157	3108.01	30.5383	
1437470400 	1099	3061	3077	3107	3140	3157	3107.76	30.6551	
1437471000 	1099	3060	3078	3107	3140	3159	3107.74	30.598	
1437471600 	1099	3062	3078	3108	3141	3157	3108.25	30.7601	
1437472200 	1099	3060	3078	3107	3139	3157	3108.03	30.6765	
1437472800 	1099	3061	3077	3107	3140	3157	3107.93	30.8508	
1437473400 	1098	3061	3078	3108	3141	3157	3108.24	30.6333	
1437474000 	1098	3063	3078	3108	3140	3156	3108.17	30.4385	
1437474600 	1098	3061	3078	3108	3141	3157	3108.22	30.5832	
1437475200 	1098	3062	3077	3108.5	3141	3158	3108.6	30.9297	
1437475800 	1099	3062	3079	3108	3141	3159	3108.75	30.6065	
1437476400 	1099	3062	3079	3107	3141	3158	3108.47	30.5189	
1437477000 	1099	3063	3078	3108	3141	3158	3108.54	30.5299	
1437477600 	1099	3061	3078	3108	3141	3157	3108.94	30.6697	
1437478200 	1099	3062	3078	3109	3142	3160	3108.95	31.4487	
1437478800 	1099	3062	3078	3107	3141	3158	3108.57	31.2856	
1437479400 	1099	3061	3078	3108	3140	3159	3108.23	30.8636	
1437480000 	1099	3060	3077	3107	3139	3158	3107.29	30.4646	
1437480600 	1099	3059	3077	3106	3137	3157	3106.39	30.3197	
1437481200 	1099	3060	3077	3106	3137	3156	3106.57	30.3535	
1437481800 	1099	3060	3076	3106	3136	3156	3106.05	30.2327	
1437482400 	1098	3059	3076	3105.5	3136	3153	3105.73	30.1778	
1437483000 	1098	3058	3076	3106	3137	3157	3106.38	30.4697	
1437483600 	1099	3059	3077	3106	3137	3157	3106.39	30.2915	
1437484200 	1099	3058	3076	3105	3136	3157	3106.3	30.6018	
1437484800 	1099	3060	3076	3106	3136	3155	3106.04	30.6365	
1437485400 	1098	3060	3077	3107	3136	3158	3106.35	30.2994	
1437486000 	1099	3060	3076	3106	3138	3160	3106.35	30.3392	
1437486600 	1099	3058	3076	3106	3137	3158	3106.49	30.5207	
1437487200 	1099	3059	3077	3107	3139	3157	3106.79	30.5986	
1437487800 	1099	3059	3076	3106	3140	3154	3106.71	30.918	
1437488400 	1099	3057	3076	3105	3140	3155	3106.24	30.7716	
1437489000 	1099	3056	3076	3106	3140	3153	3106.18	30.6376	
1437489600 	1099	3058	3076	3106	3140	3157	3106.4	30.7912	
1437490200 	1099	3057	3076	3106	3139	3153	3105.91	30.3956	
1437490800 	1099	3058	3076	3106	3139	3154	3105.98	30.657	
1437491400 	1099	3060	3076	3106	3139	3158	3106.19	30.6789	
1437492000 	1098	3058	3076	3106	3140	3154	3105.99	30.4411	
1437492600 	1098	3058	3076	3105	3139	3154	3105.91	30.5894	
1437493200 	1098	3060	3076	3106	3140	3156	3106.27	30.5656	
1437493800 	1097	3060	3077	3106	3140	3155	3106.8	30.6837	
1437494400 	1098	3059	3076	3106	3140	3154	3106.63	30.6727	
1437495000 	1098	3060	3076	3107	3139	3156	3106.83	30.8767	
1437495600 	1099	3059	3076	3106	3139	3157	3106.95	30.7656	
1437496200 	1099	3058	3076	3107	3139	3154	3106.48	30.5138	
1437496800 	1099	3060	3077	3106	3138	3156	3106.35	30.3056	
1437497400 	1099	3060	3077	3106	3140	3159	3106.94	30.4827	
1437498000 	1099	3060	3077	3106	3140	3154	3106.9	30.7007	
1437498600 	1099	3059	3077	3107	3140	3159	3106.58	30.435	
1437499200 	1098	3062	3077	3106	3140	3155	3106.93	30.4702	
1437499800 	1098	3061	3078	3107	3140	3154	3107.14	30.342	
1437500400 	1098	3061	3078	3106.5	3140	3156	3106.97	30.333	
1437501000 	1098	3061	3077	3106.5	3140	3161	3107.06	30.5907	
1437501600 	1099	3060	3077	3107	3140	3155	3107.28	30.7186	
1437502200 	1099	3058	3077	3106	3140	3156	3106.66	30.5037	
1437502800 	1099	3060	3078	3106	3140	3155	3106.75	30.5003	
1437503400 	1099	3061	3077	3107	3140	3155	3106.95	30.5228	
1437504000 	1099	3061	3077	3107	3140	3156	3106.92	30.3965	
1437504600 	1099	3059	3077	3106	3140	3153	3106.67	30.3539	
1437505200 	1098	3059	3077	3107	3141	3153	3107.21	30.7142	
1437505800 	1098	3060	3077	3107	3140	3156	3107.11	30.5018	
1437506400 	1098	3060	3077	3107	3141	3157	3106.99	30.5662	
1437507000 	1098	3060	3076	3106	3140	3154	3107.09	30.7691	
1437507600 	1099	3061	3077	3107	3140	3156	3107.11	30.364	
1437508200 	1099	3061	3077	3106	3140	3154	3106.69	30.4607	
1437508800 	1099	3060	3077	3106	3139	3157	3106.62	30.8973	
1437509400 	1099	3060	3077	3106	3140	3155	3107.13	30.6004	
1437510000 	1099	3059	3077	3106	3140	3155	3106.79	30.505	
1437510600 	1099	3060	3077	3106	3140	3154	3106.73	30.4873	
1437511200 	1099	3059	3077	3106	3140	3155	3106.6	30.7347	
1437511800 	1098	3058	3077	3106	3140	3154	3106.63	30.6105	
1437512400 	1097	3059	3076	3106	3139	3153	3106.22	30.3618	
1437513000 	1099	3059	3077	3106	3139	3153	3106.47	30.5818	
1437513600 	1099	3060	3077	3107	3139	3152	3106.46	30.4157	
1437514200 	1099	3058	3077	3107	3138	3152	3106.26	29.9947	
1437514800 	1099	3059	3077	3106	3139	3154	3106.39	30.3546	
1437515400 	1099	3060	3076	3107	3140	3154	3106.96	30.5056	
1437516000 	1099	3061	3078	3107	3140	3159	3107.14	30.497	
1437516600 	1099	3059	3077	3106	3139	3152	3106.45	30.1276	
1437517200 	1099	3061	3078	3107	3140	3154	3106.76	30.2992	
1437517800 	1099	3060	3077	3107	3140	3157	3107.35	30.6476	
1437518400 	1098	3059	3078	3106.5	3140	3158	3106.92	30.411	
1437519000 	1098	3060	3077	3107	3140	3153	3107.08	30.5661	
1437519600 	1098	3059	3076	3107	3140	3153	3107.22	30.7877	
1437520200 	1100	3060	3077	3107	3140	3154	3106.87	30.3141	
1437520800 	1099	3059	3077	3106	3138	3153	3106.56	30.1306	
1437521400 	1099	3057	3077	3106	3137	3152	3106.24	30.1314	
1437522000 	1099	3059	3077	3107	3137	3155	3106.39	30.0933	
1437522600 	1099	3060	3077	3106	3137	3154	3106.25	30.044	
1437523200 	1099	3059	3075	3106	3134	3152	3104.87	30.0151	
1437523800 	1099	3055	3074	3105	3132	3148	3103.23	29.6728	
1437524400 	1099	3057	3073	3103	3131	3150	3102.38	29.4502	
1437525000 	1099	3057	3072	3103	3132	3148	3101.88	29.603	
1437525600 	1099	3057	3072	3104	3135	3155	3103.15	30.7212	
1437526200 	1099	3056	3072	3104	3136	3153	3103.65	31.1414	
1437526800 	1099	3055	3072	3104	3138	3155	3104.19	31.8193	
1437527400 	1099	3057	3072	3105	3139	3153	3104.5	31.9514	
1437528000 	1098	3056	3072	3104	3140	3154	3104.55	32.2927	
1437528600 	1098	3056	3072	3103.5	3139	3154	3104.51	32.1515	
1437529200 	1098	3057	3073	3104	3140	3156	3105.61	32.2735	
1437529800 	1098	3056	3073	3105.5	3140	3156	3105.36	31.9556	
1437530400 	1099	3055	3073	3105	3140	3155	3105.02	31.9268	
1437531000 	1099	3058	3072	3105	3138	3155	3105.3	31.985	
1437531600 	1099	3058	3073	3106	3141	3157	3106.37	32.2424	
1437532200 	1099	3059	3073	3105	3140	3157	3106.29	32.0436	
1437532800 	1099	3059	3073	3105	3140	3157	3106.32	31.9707	
1437533400 	1099	3058	3074	3106	3142	3157	3106.92	32.1627	
1437534000 	1099	3060	3075	3107	3141	3159	3107.62	32.0106	
1437534600 	1099	3058	3075	3107	3141	3161	3107.43	32.0136	
1437535200 	1099	3059	3075	3107	3140	3159	3107.5	31.9049	
1437535800 	1099	3061	3076	3107	3141	3159	3108.35	32.1331	
1437536400 	1099	3061	3076	3107	3141	3160	3108.49	32.1613	
1437537000 	1099	3061	3075	3108	3139	3159	3108.09	31.7852	
1437537600 	1099	3061	3076	3107	3141	3159	3108.15	32.1298	
1437538200 	1098	3062	3075	3107	3141	3159	3108.37	32.0332	
1437538800 	1097	3061	3076	3106	3140	3159	3107.87	32.0055	
1437539400 	1098	3059	3076	3106	3140	3159	3107.72	32.0674	
1437540000 	1098	3060	3075	3107	3141	3160	3108.14	32.2002	
1437540600 	1099	3060	3076	3107	3140	3167	3108.15	31.9598	
1437541200 	1099	3061	3076	3107	3140	3159	3107.89	31.9854	
1437541800 	1099	3060	3076	3108	3140	3165	3107.86	32.1311	
1437542400 	1099	3062	3076	3107	3140	3160	3108.45	32.0505	
1437543000 	1099	3061	3076	3107	3141	3160	3108.28	32.0306	
1437543600 	1099	3061	3076	3109	3141	3159	3108.21	32.1231	
1437544200 	1099	3061	3076	3108	3141	3160	3108.73	32.1925	
1437544800 	1099	3061	3076	3108	3141	3159	3108.54	32.0232	
1437545400 	1099	3061	3076	3107	3141	3161	3108.57	31.9711	
1437546000 	1099	3061	3076	3108	3140	3159	3108.34	31.9242	
1437546600 	1099	3061	3076	3109	3142	3161	3109	32.2424	
1437547200 	1099	3062	3077	3108	3141	3161	3109.2	32.195	
1437547800 	1099	3061	3077	3108	3143	3160	3108.86	32.1797	
1437548400 	1099	3062	3076	3109	3143	3161	3108.99	32.1258	
1437549000 	1098	3061	3077	3108.5	3143	3165	3109.73	32.7169	
1437549600 	1098	3062	3077	3108	3144	3161	3109.79	32.6016	
1437550200 	1098	3062	3076	3109	3143	3161	3109.71	32.5123	
1437550800 	1098	3061	3077	3108.5	3144	3161	3109.59	32.7371	
1437551400 	1099	3062	3078	3109	3144	3162	3110.2	32.7015	
1437552000 	1099	3062	3077	3108	3143	3164	3109.92	32.6182	
1437552600 	1099	3062	3077	3109	3144	3161	3109.75	32.4496	
1437553200 	1099	3061	3076	3108	3145	3165	3109.91	32.5487	
1437553800 	1099	3062	3077	3108	3145	3162	3110.46	32.5935	
1437554400 	1099	3063	3077	3111	3144	3163	3110.28	32.5496	
1437555000 	1099	3062	3077	3109	3144	3161	3110.25	32.5175	
1437555600 	1099	3063	3078	3109	3145	3162	3110.43	32.6142	
1437556200 	1099	3063	3078	3111	3144	3162	3110.69	32.4559	
1437556800 	1099	3063	3078	3111	3144	3164	3110.47	32.3904	
1437557400 	1099	3063	3078	3110	3144	3162	3110.37	32.3365	
1437558000 	1099	3062	3078	3112	3145	3162	3110.69	32.5393	
1437558600 	1099	3063	3078	3112	3144	3163	3110.99	32.3389	
1437559200 	1099	3064	3078	3110	3144	3162	3110.59	32.1761	
1437559800 	1099	3062	3078	3112	3144	3162	3110.69	32.3962	
1437560400 	1097	3063	3078	3111	3145	3162	3111.03	32.2888	
1437561000 	1098	3064	3078	3112	3145	3163	3111.06	32.5239	
1437561600 	1098	3064	3077	3109	3144	3169	3110.87	32.5852	
1437562200 	1099	3064	3078	3110	3145	3163	3111.31	32.548	
1437562800 	1099	3063	3078	3110	3145	3165	3111.35	32.2927	
1437563400 	1099	3063	3078	3109	3144	3165	3111.2	32.7316	
1437564000 	1099	3063	3079	3110	3144	3164	3111.24	32.4186	
1437564600 	1099	3062	3079	3110	3145	3162	3111.29	32.4974	
1437565200 	1099	3063	3078	3111	3145	3164	3111.18	32.4347	
1437565800 	1099	3062	3078	3109	3144	3162	3110.77	32.362	
1437566400 	1098	3064	3078	3110.5	3145	3164	3111.55	32.2846	
1437567000 	1098	3063	3079	3109	3144	3164	3111.41	32.3732	
1437567600 	1097	3063	3078	3109	3144	3164	3110.84	32.2984	
1437568200 	1099	3062	3078	3108	3144	3162	3110.85	32.7033	
1437568800 	1099	3063	3077	3109	3142	3162	3110.27	32.0665	
1437569400 	1099	3062	3077	3107	3142	3164	3109.67	32.3767	
1437570000 	1099	3063	3076	3108	3141	3160	3108.98	32.0573	
1437570600 	1098	3060	3076	3106	3141	3160	3108.52	32.2028	
1437571200 	1099	3062	3076	3108	3142	3161	3109.19	32.2814	
1437571800 	1098	3062	3076	3106.5	3141	3161	3108.46	32.1405	
1437572400 	1098	3060	3075	3106	3140	3159	3107.65	31.8903	
1437573000 	1098	3060	3074	3106	3139	3158	3106.91	31.9585	
1437573600 	1098	3059	3075	3106	3140	3161	3107.24	32.053	
1437574200 	1099	3059	3074	3106	3139	3158	3106.65	31.8905	
1437574800 	1099	3059	3074	3105	3137	3157	3106.22	31.8797	
1437575400 	1099	3057	3073	3104	3137	3155	3105.05	31.8014	
1437576000 	1099	3057	3071	3104	3135	3154	3103.74	31.5123	
1437576600 	1098	3056	3071	3100.5	3134	3154	3103.43	31.6093	
1437577200 	1098	3057	3071	3101	3134	3160	3103.39	31.4943	
1437577800 	1098	3056	3072	3100.5	3134	3155	3102.84	31.3126	
1437578400 	1098	3055	3070	3100	3132	3151	3101.72	31.1602	
1437579000 	1099	3054	3070	3100	3131	3151	3101.36	31.3857	
1437579600 	1099	3054	3069	3099	3131	3157	3100.72	31.2176	
1437580200 	1099	3054	3070	3098	3130	3149	3100.34	30.8914	
1437580800 	1099	3054	3069	3098	3130	3153	3100.27	31.0401	
1437581400 	1099	3055	3070	3099	3131	3152	3101.31	31.4083	
1437582000 	1099	3055	3069	3099	3131	3155	3101.12	31.2224	
1437582600 	1098	3056	3070	3100	3131	3150	3101.39	30.9663	
1437583200 	1098	3055	3070	3099	3131	3153	3100.89	31.0245	
1437583800 	1098	3054	3069	3099	3130	3151	3100.54	30.7314	
1437584400 	1098	3055	3070	3099	3131	3151	3100.48	30.9103	
1437585000 	1098	3054	3069	3098	3130	3149	3100.09	30.7507	
1437585600 	1099	3054	3069	3098	3129	3148	3098.97	30.3259	
1437586200 	1099	3054	3068	3097	3128	3145	3098.19	30.2366	
1437586800 	1099	3051	3068	3097	3128	3147	3097.49	30.483	
1437587400 	1099	3053	3067	3096	3127	3145	3096.71	29.7482	
1437588000 	1099	3052	3066	3096	3126	3145	3095.92	29.5982	
1437588600 	1099	3053	3066	3095	3126	3141	3095.83	29.2723	
1437589200 	1099	3053	3066	3096	3127	3143	3095.97	29.4919	
1437589800 	1099	3051	3066	3095	3125	3144	3094.97	29.0315	
1437590400 	1099	3052	3067	3096	3126	3141	3095.5	28.9519	
1437591000 	1099	3052	3066	3096	3126	3142	3095.9	29.1048	
1437591600 	1099	3052	3067	3096	3126	3143	3096.09	29.2899	
1437592200 	1099	3052	3067	3095	3127	3142	3096.05	29.1792	
1437592800 	1099	3053	3067	3094	3126	3143	3096.05	29.2057	
1437593400 	1099	3054	3067	3096	3126	3142	3096.11	29.0531	
1437594000 	1099	3051	3067	3096	3127	3146	3096.37	29.8484	
1437594600 	1099	3052	3067	3095	3126	3144	3096.13	29.3993	
1437595200 	1098	3052	3066	3096	3127	3144	3096.22	29.6856	
1437595800 	1098	3052	3066	3094.5	3126	3143	3095.42	29.2562	
1437596400 	1098	3052	3066	3093	3126	3141	3095.51	29.2153	
1437597000 	1098	3052	3066	3093.5	3125	3140	3094.65	28.9626	
1437597600 	1098	3051	3065	3093	3124	3141	3094.27	28.9023	
1437598200 	1098	3051	3064	3092	3124	3141	3094	29.2919	
1437598800 	1099	3050	3064	3093	3124	3138	3093.74	28.7973	
1437599400 	1099	3050	3064	3093	3124	3140	3093.29	29.0191	
1437600000 	1099	3049	3065	3094	3125	3140	3093.95	29.2716	
1437600600 	1099	3050	3064	3093	3125	3149	3094.02	29.1714	
1437601200 	1099	3049	3065	3093	3125	3140	3094.05	29.3349	
1437601800 	1099	3051	3065	3092	3125	3146	3094.16	29.0192	
1437602400 	1099	3051	3065	3092	3126	3141	3094.59	29.1985	
1437603000 	1099	3051	3065	3095	3126	3141	3094.76	29.4127	
1437603600 	1099	3051	3065	3094	3126	3145	3095.12	29.6385	
1437604200 	1099	3052	3065	3095	3126	3143	3095.28	29.378	
1437604800 	1099	3052	3065	3095	3126	3143	3095.74	29.6948	
1437605400 	1097	3053	3067	3096	3128	3145	3097.22	30.0703	
1437606000 	1099	3053	3067	3097	3128	3145	3097.36	30.1527	
1437606600 	1099	3052	3066	3096	3127	3146	3096.77	30.0315	
1437607200 	1099	3053	3067	3096	3127	3145	3097.08	30.0287	
1437607800 	1099	3052	3066	3096	3127	3143	3096.44	29.9195	
1437608400 	1099	3052	3067	3096	3127	3148	3097.41	30.7244	
1437609000 	1099	3052	3068	3097	3128	3149	3098.03	30.7667	
1437609600 	1099	3052	3067	3097	3127	3148	3097.71	30.4229	
1437610200 	1099	3052	3067	3097	3127	3146	3097.19	30.1198	
1437610800 	1099	3052	3067	3097	3127	3145	3097.94	30.3019	
1437611400 	1097	3052	3068	3097	3126	3146	3096.95	29.2539	
1437612000 	1098	3053	3066	3095.5	3127	3145	3096.97	29.8343	
1437612600 	1099	3052	3066	3096	3126	3144	3096.34	29.6613	
1437613200 	1099	3052	3067	3097	3126	3145	3096.73	29.8303	
1437613800 	1099	3051	3065	3095	3125	3144	3095.81	29.5942	
1437614400 	1099	3050	3065	3093	3125	3143	3095.39	29.9833	
1437615000 	1099	3050	3065	3095	3125	3145	3094.67	29.8768	
1437615600 	1099	3049	3065	3095	3125	3144	3095.3	29.8485	
1437616200 	1099	3051	3065	3095	3125	3143	3095.18	29.8085	
1437616800 	1099	3051	3064	3094	3125	3144	3094.81	30.0642	
1437617400 	1099	3050	3064	3095	3125	3147	3094.43	29.8784	
1437618000 	1099	3050	3065	3095	3125	3145	3094.97	29.7643	
1437618600 	1098	3052	3067	3095	3125	3144	3095.49	29.2004	
1437619200 	1098	3051	3066	3095.5	3125	3143	3095.27	29.4544	
1437619800 	1098	3051	3066	3092.5	3125	3143	3094.61	29.3072	
1437620400 	1099	3049	3065	3095	3125	3144	3095.16	30.1681	
1437621000 	1099	3051	3067	3095	3125	3144	3095.66	29.5251	
1437621600 	1099	3052	3065	3092	3121	3143	3093.58	27.6386	
1437622200 	1099	3051	3066	3096	3125	3143	3095.86	29.511	
1437622800 	1099	3049	3067	3096	3126	3145	3096.14	29.7788	
1437623400 	1099	3053	3068	3097	3127	3149	3097.65	30.1219	
1437624000 	1099	3052	3068	3097	3129	3149	3098.45	30.5914	
1437624600 	1099	3054	3069	3097	3129	3149	3099.21	30.7296	
1437625200 	1099	3053	3070	3098	3130	3154	3099.97	31.0147	
1437625800 	1099	3055	3070	3099	3131	3150	3100.91	30.9069	
1437626400 	1099	3055	3070	3099	3132	3151	3101.33	30.9411	
1437627000 	1099	3054	3072	3099	3134	3153	3101.96	30.9161	
1437627600 	1099	3057	3071	3101	3134	3154	3102.7	31.3306	
1437628200 	1098	3058	3072	3100	3135	3154	3103.64	31.2035	
1437628800 	1098	3058	3072	3102	3136	3155	3103.82	31.3442	
1437629400 	1099	3057	3072	3102	3135	3155	3103.95	31.2355	
1437630000 	1099	3059	3072	3103	3136	3156	3104.73	31.7158	
1437630600 	1099	3058	3073	3105	3136	3156	3105.3	31.5562	
1437631200 	1099	3059	3073	3105	3136	3156	3105.21	31.7166	
1437631800 	1099	3058	3074	3105	3137	3157	3105.46	31.6543	
1437632400 	1099	3058	3073	3104	3137	3158	3105.75	31.6883	
1437633000 	1099	3060	3075	3106	3138	3158	3106.76	31.6059	
1437633600 	1099	3060	3074	3106	3137	3158	3106.66	31.7563	
1437634200 	1099	3061	3075	3106	3137	3158	3106.8	31.6702	
1437634800 	1099	3060	3074	3106	3138	3159	3107.18	31.7523	
1437635400 	1099	3061	3075	3107	3139	3159	3107.57	32.0616	
1437636000 	1099	3061	3076	3106	3140	3160	3107.72	32.0615	
1437636600 	1099	3061	3075	3106	3139	3159	3107.64	32.0139	
1437637200 	1099	3060	3076	3106	3139	3159	3107.76	32.0861	
1437637800 	1098	3061	3076	3107	3140	3160	3108.26	31.9765	
1437638400 	1098	3062	3077	3107	3139	3160	3108.24	31.7407	
1437639000 	1098	3061	3077	3107	3139	3159	3108.48	31.8649	
1437639600 	1098	3062	3077	3108	3142	3161	3108.95	32.2654	
1437640200 	1099	3062	3077	3109	3142	3160	3109.23	32.0922	
1437640800 	1099	3062	3077	3107	3142	3160	3109.3	32.0861	
1437641400 	1099	3062	3077	3109	3142	3163	3109.54	32.1957	
1437642000 	1099	3062	3078	3110	3142	3162	3109.81	32.0853	
1437642600 	1099	3062	3077	3109	3143	3163	3110.01	32.345	
1437643200 	1099	3062	3078	3110	3144	3162	3110.09	32.3232	
1437643800 	1099	3063	3078	3109	3144	3162	3110.48	32.3954	
1437644400 	1099	3064	3078	3109	3143	3162	3110.45	32.0279	
1437645000 	1099	3063	3078	3111	3142	3162	3110.44	32.0861	
1437645600 	1099	3063	3078	3108	3144	3162	3110.8	32.1667	
1437646200 	1099	3065	3078	3112	3144	3161	3110.96	31.8453	
1437646800 	1099	3065	3079	3109	3145	3162	3110.84	31.7978	
1437647400 	1099	3063	3079	3110	3144	3162	3110.86	31.8251	
1437648000 	1099	3064	3079	3110	3145	3170	3111.46	32.0562	
1437648600 	1098	3064	3079	3108.5	3145	3163	3111.28	32.1823	
1437649200 	1098	3064	3079	3109	3145	3163	3111.51	32.1703	
1437649800 	1098	3065	3079	3109.5	3145	3165	3111.97	32.236	
1437650400 	1098	3066	3080	3111	3145	3165	3112.14	32.1041	
1437651000 	1098	3064	3079	3112.5	3145	3166	3112.37	32.639	
1437651600 	1098	3064	3080	3112.5	3146	3168	3112.64	32.7117	
1437652200 	1098	3065	3080	3110	3146	3165	3112.52	32.6061	
1437652800 	1098	3064	3079	3112	3146	3165	3112.63	32.5395	
1437653400 	1099	3066	3080	3112	3146	3170	3113.25	32.7114	
1437654000 	1099	3065	3080	3111	3146	3168	3113.3	32.5075	
1437654600 	1099	3065	3080	3111	3146	3166	3113.01	32.7136	
1437655200 	1099	3065	3079	3110	3146	3168	3113.17	32.6584	
1437655800 	1098	3065	3080	3110.5	3146	3166	3113	32.7208	
1437656400 	1098	3064	3079	3110	3146	3167	3112.21	32.6143	
1437657000 	1098	3065	3080	3109	3145	3167	3112.48	32.6289	
1437657600 	1098	3065	3079	3110	3145	3167	3111.75	32.1031	
1437658200 	1099	3064	3079	3109	3145	3164	3111.52	32.2899	
1437658800 	1099	3064	3079	3111	3145	3163	3111.82	31.9087	
1437659400 	1099	3063	3079	3110	3144	3164	3110.97	31.6294	
1437660000 	1099	3061	3079	3109	3144	3163	3110.6	31.9793	
1437660600 	1099	3064	3080	3109	3142	3163	3110.36	31.2147	
1437661200 	1099	3063	3078	3110	3143	3164	3110.8	32.1216	
1437661800 	1099	3063	3078	3108	3143	3165	3110.05	31.7124	
1437662400 	1098	3063	3077	3105.5	3143	3162	3110.06	32.1093	
1437663000 	1098	3061	3078	3106	3139	3158	3107.84	30.75	
1437663600 	1098	3062	3076	3101.5	3139	3157	3106.96	31.2039	
1437664200 	1098	3059	3074	3105	3141	3162	3107.07	32.0321	
1437664800 	1099	3059	3074	3105	3138	3156	3106.3	31.6699	
1437665400 	1099	3058	3073	3105	3136	3156	3105.26	31.6415	
1437666000 	1099	3058	3073	3100	3131	3151	3102.4	29.3592	
1437666600 	1099	3057	3072	3101	3134	3153	3103.43	30.6597	
1437667200 	1099	3057	3071	3100	3132	3152	3102.73	30.5943	
1437667800 	1099	3056	3072	3100	3132	3150	3102.14	30.6337	
1437668400 	1099	3057	3071	3101	3132	3151	3101.95	30.5976	
1437669000 	1099	3056	3073	3100	3132	3149	3102.2	30.3968	
1437669600 	1099	3055	3071	3100	3130	3148	3101.22	30.1991	
1437670200 	1099	3055	3071	3099	3130	3148	3100.89	30.1218	
1437670800 	1099	3057	3071	3100	3131	3149	3101.57	30.1204	
1437671400 	1099	3057	3071	3103	3132	3151	3102.4	30.4727	
1437672000 	1099	3056	3072	3100	3131	3151	3102.23	30.176	
1437672600 	1099	3057	3072	3101	3134	3154	3102.66	30.8466	
1437673200 	1099	3056	3072	3101	3132	3154	3102.85	30.4547	
1437673800 	1099	3058	3071	3101	3133	3155	3103.11	30.5811	
1437674400 	1099	3057	3072	3102	3132	3151	3102.81	30.4651	
1437675000 	1099	3057	3072	3102	3132	3151	3102.82	30.1881	
1437675600 	1099	3059	3073	3102	3133	3153	3103.61	30.223	
1437676200 	1099	3057	3073	3102	3133	3151	3103.27	30.2245	
1437676800 	1099	3057	3071	3100	3131	3151	3101.48	30.0864	
1437677400 	1099	3055	3071	3099	3130	3149	3100.79	30.278	
1437678000 	1098	3056	3070	3099	3130	3149	3101.2	30.3587	
1437678600 	1098	3055	3071	3098	3130	3148	3100.19	29.7016	
1437679200 	1098	3055	3070	3098	3130	3147	3100	29.8257	
1437679800 	1098	3055	3070	3099	3131	3151	3101.12	30.5342	
1437680400 	1099	3056	3070	3098	3129	3149	3099.89	29.7613	
1437681000 	1099	3056	3070	3098	3129	3147	3099.9	29.8792	
1437681600 	1099	3055	3070	3098	3129	3147	3099.15	29.8158	
1437682200 	1099	3055	3069	3097	3128	3146	3098.63	29.8824	
1437682800 	1099	3055	3070	3097	3129	3147	3098.84	29.8354	
1437683400 	1099	3055	3069	3097	3128	3152	3098.05	29.4503	
1437684000 	1099	3054	3069	3097	3128	3148	3098.24	29.6506	
1437684600 	1099	3054	3069	3098	3128	3150	3098.54	29.9195	
1437685200 	1099	3054	3069	3098	3129	3148	3099.57	30.3213	
1437685800 	1099	3054	3069	3098	3129	3148	3098.84	29.8904	
1437686400 	1098	3054	3069	3097	3129	3145	3098.46	30.0686	
1437687000 	1098	3054	3068	3097	3128	3146	3098.17	30.0455	
1437687600 	1099	3053	3069	3097	3128	3145	3098.01	29.6791	
1437688200 	1097	3053	3068	3096	3128	3145	3097.28	29.1759	
1437688800 	1098	3051	3068	3096.5	3127	3152	3097.17	29.4663	
1437689400 	1099	3053	3067	3096	3128	3144	3097.14	29.7291	
1437690000 	1099	3054	3069	3098	3129	3146	3099.18	30.3563	
1437690600 	1099	3053	3068	3098	3129	3148	3098.93	30.3369	
1437691200 	1099	3053	3068	3097	3128	3145	3098.35	30.1599	
1437691800 	1099	3054	3068	3097	3128	3146	3098.13	30.3739	
1437692400 	1099	3053	3068	3097	3128	3148	3098.1	29.9306	
1437693000 	1099	3055	3068	3098	3130	3146	3099.03	30.6797	
1437693600 	1099	3053	3068	3097	3129	3146	3098.48	30.2661	
1437694200 	1099	3051	3069	3098	3129	3148	3099.17	30.5369	
1437694800 	1098	3055	3069	3098	3130	3149	3100.26	30.7278	
1437695400 	1098	3054	3069	3098	3130	3150	3100.07	30.6956	
1437696000 	1098	3054	3068	3099	3130	3147	3099.48	30.6047	
1437696600 	1099	3055	3069	3098	3128	3148	3099.2	29.9023	
1437697200 	1099	3054	3069	3098	3127	3149	3098.59	29.4978	
1437697800 	1099	3052	3068	3097	3127	3144	3097.52	29.6303	
1437698400 	1099	3053	3067	3095	3125	3142	3095.96	29.1405	
1437699000 	1099	3052	3067	3096	3125	3144	3096.05	29.5942	
1437699600 	1099	3052	3067	3096	3126	3142	3096.39	29.5293	
1437700200 	1099	3052	3066	3095	3126	3154	3095.88	29.5102	
1437700800 	1099	3052	3066	3095	3125	3142	3095.63	29.5673	
1437701400 	1098	3052	3066	3094.5	3127	3145	3096.4	30.0069	
1437702000 	1098	3052	3067	3097	3128	3144	3097.14	30.268	
1437702600 	1098	3053	3067	3096	3126	3144	3096.42	29.8722	
1437703200 	1099	3052	3067	3096	3127	3144	3096.09	29.7663	
1437703800 	1099	3052	3067	3095	3127	3146	3096.67	30.0809	
1437704400 	1099	3053	3067	3097	3128	3146	3097.23	30.1396	
1437705000 	1099	3052	3067	3096	3127	3150	3096.95	30.3509	
1437705600 	1099	3053	3066	3096	3127	3144	3096.25	29.9686	
1437706200 	1099	3052	3067	3096	3127	3145	3096.33	30.0726	
1437706800 	1099	3053	3068	3097	3127	3148	3097.26	30.1504	
1437707400 	1099	3053	3067	3096	3127	3146	3096.92	30.0815	
1437708000 	1099	3052	3067	3096	3127	3145	3096.65	29.977	
1437708600 	1099	3048	3067	3096	3128	3145	3097.21	30.5817	
1437709200 	1099	3052	3067	3096	3128	3147	3097.45	30.5296	
1437709800 	1099	3050	3067	3097	3127	3147	3097.09	30.2407	
1437710400 	1099	3052	3068	3096	3127	3147	3097.48	30.7215	
1437711000 	1097	3052	3068	3097	3128	3149	3098.01	30.6683	
1437711600 	1099	3052	3068	3097	3128	3148	3097.99	30.7059	
1437712200 	1099	3051	3068	3096	3128	3149	3097.99	30.9354	
1437712800 	1099	3054	3070	3098	3130	3153	3099.6	31.0447	
1437713400 	1099	3054	3070	3098	3130	3151	3100.1	31.1414	
1437714000 	1099	3053	3071	3100	3132	3152	3101.27	31.5945	
1437714600 	1099	3057	3071	3100	3133	3154	3102	31.2558	
1437715200 	1099	3056	3070	3099	3133	3160	3102.06	31.4276	
1437715800 	1099	3056	3072	3103	3135	3156	3103.27	31.4861	
1437716400 	1099	3057	3072	3104	3135	3156	3103.66	31.5967	
1437717000 	1099	3057	3073	3103	3135	3155	3103.99	31.5531	
1437717600 	1099	3058	3073	3104	3136	3158	3104.81	31.6777	
1437718200 	1099	3057	3074	3105	3136	3157	3105.31	31.6392	
1437718800 	1099	3059	3073	3105	3136	3159	3105.35	31.5184	
1437719400 	1099	3058	3075	3105	3137	3158	3106.15	31.5147	
1437720000 	1099	3060	3074	3106	3137	3158	3106.41	31.6601	
1437720600 	1098	3060	3075	3106	3139	3159	3107.13	31.6673	
1437721200 	1099	3061	3075	3106	3139	3159	3107.4	31.7056	
1437721800 	1099	3060	3076	3107	3140	3159	3107.67	31.8463	
1437722400 	1099	3062	3076	3106	3140	3159	3107.85	31.7761	
1437723000 	1099	3061	3076	3107	3139	3161	3108.09	31.831	
1437723600 	1099	3062	3077	3107	3140	3160	3108.56	31.836	
1437724200 	1098	3062	3076	3108	3140	3160	3108.48	31.7821	
1437724800 	1099	3063	3077	3108	3141	3161	3109.11	31.8162	
1437725400 	1099	3062	3077	3110	3141	3161	3109.16	31.904	
1437726000 	1099	3062	3078	3110	3141	3161	3109.43	31.9601	
1437726600 	1099	3063	3078	3111	3141	3164	3109.78	31.8347	
1437727200 	1099	3062	3078	3110	3141	3161	3109.9	31.9957	
1437727800 	1099	3064	3077	3110	3141	3161	3110.08	31.7928	
1437728400 	1099	3063	3078	3110	3142	3162	3110.03	32.0167	
1437729000 	1099	3062	3078	3110	3142	3162	3110.35	32.0224	
1437729600 	1099	3062	3078	3110	3141	3165	3110.31	32.2149	
1437730200 	1098	3064	3078	3109.5	3142	3163	3110.59	32.0243	
1437730800 	1098	3062	3078	3112	3142	3163	3110.91	32.1527	
1437731400 	1098	3064	3079	3112	3144	3163	3111.16	32.1007	
1437732000 	1099	3064	3078	3112	3145	3162	3111.46	32.449	
1437732600 	1099	3066	3079	3110	3143	3164	3111.38	31.86	
1437733200 	1099	3066	3080	3110	3145	3164	3111.75	32.3381	
1437733800 	1099	3066	3080	3112	3145	3164	3111.95	31.9739	
1437734400 	1099	3066	3080	3110	3145	3163	3112.16	32.3138	
1437735000 	1099	3065	3081	3112	3145	3163	3112.39	31.937	
1437735600 	1099	3065	3079	3112	3146	3168	3112.47	32.3781	
1437736200 	1099	3065	3080	3111	3146	3171	3112.82	32.0105	
1437736800 	1099	3065	3081	3111	3146	3165	3112.92	32.4286	
1437737400 	1099	3063	3081	3111	3146	3167	3113.29	32.4588	
1437738000 	1099	3066	3081	3112	3146	3166	3113.38	32.3499	
1437738600 	1099	3067	3082	3112	3146	3166	3113.37	31.5022	
1437739200 	1099	3065	3081	3112	3145	3167	3113.17	32.087	
1437739800 	1099	3065	3081	3111	3145	3166	3112.6	31.6593	
1437740400 	1098	3065	3080	3111	3145	3167	3112.32	32.0048	
1437741000 	1098	3064	3080	3111	3145	3165	3112.43	32.0655	
1437741600 	1098	3065	3080	3111	3146	3167	3112.36	32.2664	
1437742200 	1099	3066	3080	3110	3145	3168	3112.35	31.9886	
1437742800 	1099	3065	3080	3111	3144	3165	3112.04	31.8993	
1437743400 	1099	3065	3080	3110	3145	3164	3112.15	31.9156	
1437744000 	1099	3065	3080	3111	3145	3165	3112.31	31.8095	
1437744600 	1099	3066	3080	3110	3145	3168	3112.67	32.2049	
1437745200 	1099	3066	3080	3111	3144	3167	3112.76	31.9745	
1437745800 	1098	3066	3080	3109.5	3146	3166	3112.91	32.2444	
1437746400 	1098	3065	3080	3111	3145	3164	3112.49	31.9231	
1437747000 	1099	3063	3080	3111	3145	3165	3111.84	31.6103	
1437747600 	1099	3066	3080	3111	3145	3165	3112.24	32.0815	
1437748200 	1099	3067	3080	3111	3145	3165	3112.17	31.3943	
1437748800 	1099	3065	3080	3111	3146	3167	3112.36	31.9589	
1437749400 	1099	3066	3080	3111	3145	3164	3112.43	31.8246	
1437750000 	1098	3065	3080	3110	3145	3166	3112.25	31.9652	
1437750600 	1098	3066	3081	3110	3144	3166	3112.33	31.7477	
1437751200 	1098	3065	3080	3110.5	3144	3164	3112.17	31.4056	
1437751800 	1099	3067	3080	3110	3145	3165	3112.4	31.7392	
1437752400 	1099	3067	3080	3110	3144	3163	3112.03	31.6897	
1437753000 	1099	3065	3079	3109	3145	3165	3111.54	31.8642	
1437753600 	1099	3065	3079	3111	3144	3163	3110.94	31.3855	
1437754200 	1098	3063	3079	3110	3144	3162	3110.85	31.6481	
1437754800 	1098	3063	3078	3109.5	3143	3167	3110.07	31.59	
1437755400 	1098	3064	3078	3109	3143	3162	3110.26	31.6535	
1437756000 	1098	3064	3078	3108.5	3143	3161	3110.46	31.9231	
1437756600 	1098	3062	3077	3108	3141	3161	3108.8	31.4017	
1437757200 	1097	3061	3076	3107	3141	3160	3108.33	31.6667	
1437757800 	1099	3060	3077	3107	3141	3159	3108.15	31.56	
1437758400 	1098	3062	3076	3106.5	3139	3177	3107.6	31.4818	
1437759000 	1098	3061	3075	3106.5	3139	3162	3107.47	31.9221	
1437759600 	1099	3059	3075	3107	3139	3161	3107.01	31.9739	
1437760200 	1099	3058	3074	3106	3139	3159	3106.5	31.7479	
1437760800 	1099	3060	3074	3105	3138	3158	3106.23	31.7008	
1437761400 	1099	3059	3074	3106	3139	3158	3106.14	32.0803	
1437762000 	1099	3058	3074	3104	3139	3161	3106.04	32.0284	
1437762600 	1099	3058	3073	3105	3137	3164	3105.57	31.6914	
1437763200 	1099	3058	3072	3105	3136	3156	3104.73	32.0066	
1437763800 	1099	3057	3072	3104	3137	3157	3104.51	32.1048	
1437764400 	1099	3056	3072	3103	3134	3154	3103.87	31.3652	
1437765000 	1099	3056	3071	3101	3133	3153	3103.18	31.0199	
1437765600 	1099	3055	3071	3101	3132	3154	3102.69	31.1405	
1437766200 	1099	3055	3071	3101	3131	3153	3102.59	31.2299	
1437766800 	1099	3054	3072	3101	3135	3153	3103.61	31.3021	
1437767400 	1099	3057	3072	3102	3132	3153	3103.11	30.9878	
1437768000 	1099	3057	3071	3102	3133	3151	3102.75	30.9485	
1437768600 	1099	3056	3071	3101	3133	3153	3102.96	31.2458	
1437769200 	1099	3055	3071	3104	3133	3152	3103.18	31.2019	
1437769800 	1099	3055	3071	3101	3132	3151	3102.56	31.0326	
1437770400 	1099	3056	3071	3102	3133	3153	3102.89	31.2945	
1437771000 	1099	3055	3071	3102	3132	3151	3102.35	31.3194	
1437771600 	1099	3057	3071	3101	3132	3154	3102.4	31.0284	
1437772200 	1098	3055	3070	3099	3131	3150	3101.18	30.2887	
1437772800 	1098	3055	3070	3099.5	3130	3150	3100.57	30.1739	
1437773400 	1098	3053	3070	3098.5	3130	3149	3100.23	30.3276	
1437774000 	1098	3056	3070	3099	3130	3149	3100.73	30.4739	
1437774600 	1099	3055	3069	3099	3130	3149	3100.31	30.3583	
1437775200 	1099	3055	3069	3099	3130	3151	3099.93	30.2819	
1437775800 	1099	3055	3070	3099	3130	3149	3100.58	30.2638	
1437776400 	1099	3055	3070	3100	3130	3151	3100.86	30.4276	
1437777000 	1099	3055	3070	3099	3130	3149	3100.83	30.346	
1437777600 	1099	3055	3070	3100	3130	3148	3100.23	30.2469	
1437778200 	1099	3056	3070	3100	3131	3152	3101.57	30.9081	
1437778800 	1099	3055	3071	3103	3133	3152	3102.7	31.0474	
1437779400 	1099	3057	3071	3104	3135	3154	3103.67	31.2873	
1437780000 	1098	3056	3072	3105	3136	3157	3104.41	31.3041	
1437780600 	1098	3057	3073	3105	3136	3156	3105.12	31.5077	
1437781200 	1098	3060	3073	3106	3137	3157	3105.83	31.3844	
1437781800 	1099	3060	3073	3106	3136	3156	3105.95	31.0406	
1437782400 	1099	3060	3074	3106	3136	3155	3106.23	30.8119	
1437783000 	1099	3060	3074	3106	3138	3158	3106.55	31.0984	
1437783600 	1099	3060	3076	3107	3138	3160	3107.23	30.9652	
1437784200 	1099	3061	3076	3107	3140	3157	3107.31	30.9032	
1437784800 	1099	3060	3075	3107	3138	3157	3107.31	30.8828	
1437785400 	1099	3060	3077	3107	3139	3159	3107.61	30.9148	
1437786000 	1099	3062	3077	3108	3140	3157	3108.1	30.8724	
1437786600 	1099	3063	3076	3108	3139	3158	3108.02	30.6168	
1437787200 	1099	3062	3077	3108	3141	3158	3107.98	31.0126	
1437787800 	1099	3063	3077	3108	3139	3161	3108.31	31.2229	
1437788400 	1098	3063	3077	3108	3141	3159	3108.92	31.0966	
1437789000 	1098	3064	3077	3108.5	3141	3160	3108.78	31.0379	
1437789600 	1099	3063	3076	3108	3141	3161	3108.91	31.4343	
1437790200 	1099	3063	3077	3108	3141	3165	3109.31	32.019	
1437790800 	1099	3063	3077	3108	3141	3164	3109.51	31.6092	
1437791400 	1099	3063	3077	3109	3141	3160	3109.23	31.6181	
1437792000 	1099	3064	3078	3109	3140	3161	3109.15	31.4926	
1437792600 	1099	3063	3078	3108	3141	3160	3109.54	31.8439	
1437793200 	1099	3064	3078	3109	3141	3163	3109.67	31.5139	
1437793800 	1099	3063	3078	3108	3141	3161	3109.26	31.6584	
1437794400 	1099	3062	3077	3107	3139	3159	3108.55	31.3636	
1437795000 	1099	3062	3077	3107	3139	3158	3107.76	31.1447	
1437795600 	1099	3061	3076	3107	3137	3157	3106.93	31.1078	
1437796200 	1099	3060	3075	3105	3137	3158	3106.01	31.0684	
1437796800 	1099	3060	3073	3103	3136	3155	3105.35	30.8437	
1437797400 	1098	3060	3074	3103.5	3136	3162	3105.15	30.9165	
1437798000 	1098	3059	3074	3105	3136	3156	3105	30.8555	
1437798600 	1097	3057	3074	3104	3135	3155	3104.47	30.8379	
1437799200 	1098	3058	3073	3101.5	3134	3154	3103.94	30.7393	
1437799800 	1099	3058	3073	3104	3135	3154	3103.97	30.8877	
1437800400 	1099	3059	3072	3103	3134	3156	3103.95	30.789	
1437801000 	1099	3058	3072	3102	3133	3153	3103.5	30.8824	
1437801600 	1099	3059	3072	3100	3134	3153	3103.16	30.7789	
1437802200 	1099	3057	3073	3102	3134	3156	3103.69	31.0342	
1437802800 	1099	3058	3072	3102	3133	3152	3103.49	30.8147	
1437803400 	1099	3059	3073	3103	3134	3153	3103.23	30.8784	
1437804000 	1099	3057	3072	3103	3133	3154	3102.81	30.8993	
1437804600 	1099	3056	3072	3104	3135	3153	3103.48	31.1684	
1437805200 	1099	3056	3073	3105	3136	3153	3104.42	31.0007	
1437805800 	1099	3059	3073	3105	3136	3153	3104.79	30.877	
1437806400 	1099	3059	3075	3106	3136	3154	3105.06	30.8418	
1437807000 	1099	3059	3074	3106	3137	3158	3106.04	31.2787	
1437807600 	1098	3059	3075	3107	3137	3156	3106.47	30.9709	
1437808200 	1097	3060	3076	3107	3138	3156	3106.67	30.897	
1437808800 	1098	3058	3076	3107	3138	3155	3106.76	31.0204	
1437809400 	1099	3061	3076	3107	3139	3157	3107.42	31.0797	
1437810000 	1099	3060	3077	3108	3141	3159	3107.93	31.3433	
1437810600 	1099	3061	3078	3108	3141	3158	3108.1	31.2931	
1437811200 	1099	3062	3077	3109	3141	3158	3108.33	31.563	
1437811800 	1099	3062	3077	3110	3141	3161	3108.88	31.5301	
1437812400 	1099	3062	3078	3109	3141	3159	3108.92	31.4534	
1437813000 	1099	3061	3078	3108	3142	3159	3108.85	31.6639	
1437813600 	1099	3062	3078	3110	3142	3161	3109.27	31.713	
1437814200 	1099	3062	3078	3111	3142	3164	3109.6	31.8092	
1437814800 	1099	3062	3078	3110	3142	3161	3109.4	31.6482	
1437815400 	1099	3062	3078	3110	3142	3161	3109.97	31.7985	
1437816000 	1098	3062	3078	3110	3142	3161	3110.13	31.8096	
1437816600 	1098	3063	3078	3109.5	3143	3165	3110.35	32.0009	
1437817200 	1098	3064	3079	3111	3143	3163	3110.63	32.0051	
1437817800 	1098	3063	3078	3110.5	3142	3163	3110.39	31.8046	
1437818400 	1098	3063	3079	3111.5	3143	3164	3110.87	32.1532	
1437819000 	1098	3063	3079	3111.5	3144	3162	3111.18	32.1418	
1437819600 	1098	3063	3079	3112	3142	3165	3110.82	32.0295	
1437820200 	1099	3064	3079	3111	3144	3164	3111.06	32.0082	
1437820800 	1099	3064	3080	3112	3143	3163	3111.32	31.7624	
1437821400 	1099	3064	3080	3111	3144	3164	3111.5	31.9455	
1437822000 	1099	3063	3080	3111	3144	3164	3111.43	31.7896	
1437822600 	1099	3063	3080	3112	3143	3167	3111.38	31.8903	
1437823200 	1099	3063	3080	3112	3144	3162	3111.67	31.7733	
1437823800 	1099	3063	3080	3112	3144	3165	3111.58	31.7254	
1437824400 	1099	3063	3080	3112	3144	3168	3112.21	32.0858	
1437825000 	1099	3063	3079	3112	3144	3165	3112.19	32.3448	
1437825600 	1098	3063	3080	3111.5	3145	3165	3112.17	32.178	
1437826200 	1098	3064	3081	3112	3145	3165	3112.44	32.0105	
1437826800 	1098	3063	3080	3112	3144	3164	3111.85	31.7264	
1437827400 	1098	3065	3080	3112	3144	3174	3112.22	32.2223	
1437828000 	1099	3063	3080	3112	3145	3166	3111.81	32.0884	
1437828600 	1099	3063	3080	3113	3144	3165	3111.6	31.8244	
1437829200 	1099	3064	3080	3111	3144	3165	3111.8	32.0582	
1437829800 	1099	3063	3079	3111	3144	3166	3112.14	32.4119	
1437830400 	1099	3063	3080	3112	3144	3167	3112	32.0255	
1437831000 	1099	3064	3080	3111	3145	3166	3112.35	32.0613	
1437831600 	1099	3061	3080	3112	3144	3168	3112.85	32.5188	
1437832200 	1099	3064	3080	3113	3145	3167	3112.83	32.4031	
1437832800 	1099	3062	3080	3112	3144	3168	3112.92	32.2711	
1437833400 	1099	3063	3080	3112	3145	3168	3113.11	32.3139	
1437834000 	1099	3066	3081	3113	3145	3167	3113.12	32.0572	
1437834600 	1099	3064	3081	3113	3145	3167	3112.76	31.739	
1437835200 	1099	3065	3081	3113	3145	3165	3113.03	32.392	
1437835800 	1098	3064	3081	3114	3145	3165	3113.24	32.2169	
1437836400 	1098	3064	3081	3113	3145	3169	3112.74	32.0706	
1437837000 	1097	3063	3080	3114	3145	3168	3112.65	32.2357	
1437837600 	1099	3063	3080	3111	3143	3166	3111.86	31.3384	
1437838200 	1099	3063	3079	3110	3142	3162	3110.11	31.4701	
1437838800 	1099	3061	3078	3108	3139	3158	3108.54	30.952	
1437839400 	1099	3061	3077	3108	3141	3160	3108.43	31.3113	
1437840000 	1099	3060	3078	3108	3139	3159	3108	31.1079	
1437840600 	1098	3060	3077	3108	3139	3161	3107.58	31.2737	
1437841200 	1098	3059	3076	3107.5	3140	3160	3107.43	31.7374	
1437841800 	1099	3060	3076	3107	3138	3157	3106.72	30.866	
1437842400 	1099	3060	3076	3107	3139	3164	3106.81	30.9504	
1437843000 	1099	3058	3076	3107	3137	3155	3106.3	30.4528	
1437843600 	1099	3060	3076	3108	3140	3159	3107.16	31.0023	
1437844200 	1099	3060	3077	3107	3140	3156	3107.45	31.1476	
1437844800 	1099	3060	3077	3107	3138	3156	3106.9	30.6399	
1437845400 	1099	3060	3077	3107	3137	3157	3107.16	30.6311	
1437846000 	1097	3060	3077	3108	3138	3158	3106.98	30.615	
1437846600 	1099	3059	3076	3107	3138	3160	3106.68	30.7944	
1437847200 	1099	3058	3076	3107	3137	3155	3106.22	30.8083	
1437847800 	1098	3058	3076	3106	3137	3155	3106.45	30.7477	
1437848400 	1098	3060	3076	3107	3139	3158	3107.26	31.2516	
1437849000 	1098	3061	3077	3107	3136	3156	3106.35	30.3358	
1437849600 	1099	3061	3077	3107	3138	3160	3107.02	30.6583	
1437850200 	1099	3060	3077	3107	3139	3158	3107.29	30.6854	
1437850800 	1099	3061	3077	3107	3139	3156	3107.04	30.6801	
1437851400 	1099	3061	3078	3107	3139	3157	3107.19	30.7995	
1437852000 	1099	3060	3078	3108	3139	3159	3107.91	30.9206	
1437852600 	1099	3060	3077	3108	3140	3158	3108.21	31.0965	
1437853200 	1099	3062	3077	3109	3141	3158	3108.48	30.9629	
1437853800 	1099	3062	3078	3110	3141	3159	3108.88	31.4852	
1437854400 	1098	3062	3078	3110	3142	3161	3109.24	31.2848	
1437855000 	1098	3062	3078	3109	3142	3158	3109.09	31.3108	
1437855600 	1098	3061	3078	3109.5	3142	3160	3109.06	31.4265	
1437856200 	1099	3060	3078	3110	3142	3162	3109.5	31.493	
1437856800 	1099	3060	3079	3110	3142	3161	3109.75	31.4194	
1437857400 	1099	3062	3078	3110	3143	3162	3109.8	31.6015	
1437858000 	1099	3061	3078	3110	3142	3161	3109.89	31.4747	
1437858600 	1099	3062	3079	3110	3142	3161	3109.82	31.6321	
1437859200 	1099	3063	3079	3109	3142	3160	3109.61	31.5731	
1437859800 	1099	3062	3078	3110	3142	3161	3109.9	31.5108	
1437860400 	1099	3062	3079	3109	3142	3160	3109.51	31.1585	
1437861000 	1099	3060	3077	3109	3141	3160	3108.91	31.3784	
1437861600 	1099	3058	3077	3109	3139	3158	3107.54	31.159	
1437862200 	1099	3062	3078	3109	3141	3161	3109.41	31.2987	
1437862800 	1099	3063	3079	3109	3141	3160	3109.29	31.1287	
1437863400 	1097	3063	3078	3110	3143	3162	3110	31.6699	
1437864000 	1098	3063	3079	3110	3143	3161	3110.11	31.3714	
1437864600 	1098	3063	3079	3111	3143	3162	3110.69	31.9064	
1437865200 	1099	3063	3079	3110	3143	3163	3110.71	31.9657	
1437865800 	1099	3062	3079	3110	3143	3163	3110.74	31.8383	
1437866400 	1099	3063	3079	3110	3143	3164	3110.61	32.053	
1437867000 	1099	3064	3079	3112	3143	3166	3110.92	32.0361	
1437867600 	1099	3062	3079	3111	3143	3162	3110.74	32.0221	
1437868200 	1099	3062	3079	3111	3143	3168	3111.02	32.2624	
1437868800 	1099	3062	3079	3109	3144	3162	3110.68	31.9657	
1437869400 	1099	3061	3079	3109	3142	3174	3109.6	31.6742	
1437870000 	1099	3062	3078	3109	3143	3162	3110	31.7947	
1437870600 	1099	3061	3079	3109	3142	3161	3109.83	31.9446	
1437871200 	1099	3061	3078	3110	3142	3162	3109.74	31.6747	
1437871800 	1099	3061	3079	3109	3142	3160	3110.23	31.6425	
1437872400 	1098	3061	3079	3108.5	3143	3162	3109.92	31.7441	
1437873000 	1098	3063	3079	3110	3143	3164	3110.92	32.2503	
1437873600 	1098	3063	3079	3109.5	3143	3163	3110.59	32.0473	
1437874200 	1098	3062	3079	3109.5	3143	3163	3110.95	32.3558	
1437874800 	1099	3061	3079	3110	3143	3162	3110.54	32.0656	
1437875400 	1099	3061	3079	3109	3142	3161	3110.14	32.2183	
1437876000 	1099	3062	3078	3109	3142	3163	3110.34	32.1768	
1437876600 	1099	3062	3079	3109	3142	3163	3109.92	32.0905	
1437877200 	1099	3062	3078	3109	3142	3162	3109.86	32.1582	
1437877800 	1099	3064	3078	3109	3142	3162	3109.63	31.687	
1437878400 	1099	3061	3078	3109	3141	3160	3109.21	31.8016	
1437879000 	1099	3061	3078	3109	3141	3162	3109.09	31.8465	
1437879600 	1099	3060	3077	3108	3141	3162	3108.37	31.799	
1437880200 	1099	3060	3076	3107	3140	3162	3108.01	31.7612	
1437880800 	1099	3060	3077	3108	3140	3162	3107.86	31.7248	
1437881400 	1099	3059	3076	3107	3140	3159	3107.66	31.5642	
1437882000 	1099	3059	3077	3107	3139	3158	3107.03	31.4387	
1437882600 	1098	3060	3076	3107	3139	3160	3107.46	31.7278	
1437883200 	1098	3061	3077	3107	3140	3162	3107.75	31.6124	
1437883800 	1098	3062	3076	3107.5	3141	3160	3108.29	31.7172	
1437884400 	1098	3062	3077	3109.5	3141	3162	3108.84	31.957	
1437885000 	1099	3062	3077	3109	3141	3161	3109.16	31.8939	
1437885600 	1099	3062	3077	3109	3141	3163	3109.53	31.9353	
1437886200 	1099	3062	3078	3109	3142	3166	3110.13	31.9415	
1437886800 	1099	3063	3078	3110	3142	3164	3109.93	31.9351	
1437887400 	1099	3064	3078	3111	3143	3167	3110.79	32.3332	
1437888000 	1099	3063	3079	3112	3144	3163	3110.95	32.3015	
1437888600 	1099	3064	3079	3113	3144	3163	3110.92	32.1409	
1437889200 	1099	3064	3079	3112	3144	3164	3111.6	32.2556	
1437889800 	1099	3064	3079	3112	3145	3167	3111.71	32.7113	
1437890400 	1099	3064	3079	3113	3145	3166	3112.06	32.4562	
1437891000 	1099	3063	3079	3113	3145	3166	3112.49	32.8872	
1437891600 	1099	3064	3080	3114	3145	3167	3112.74	32.796	
1437892200 	1099	3064	3081	3114	3145	3166	3113.08	32.6617	
1437892800 	1099	3064	3079	3114	3145	3166	3112.78	32.873	
1437893400 	1098	3065	3080	3114	3146	3168	3113.05	32.7001	
1437894000 	1098	3064	3080	3112.5	3146	3167	3112.92	32.71	
1437894600 	1098	3065	3080	3112	3145	3165	3112.91	32.2889	
1437895200 	1098	3066	3080	3114	3145	3167	3112.9	32.5433	
1437895800 	1099	3065	3081	3114	3145	3164	3113.07	32.2456	
1437896400 	1099	3065	3081	3114	3145	3166	3113.15	32.6129	
1437897000 	1099	3064	3081	3114	3146	3167	3113.45	32.6819	
1437897600 	1099	3065	3080	3114	3146	3167	3113.44	32.68	
1437898200 	1099	3065	3081	3114	3146	3167	3113.61	32.3373	
1437898800 	1099	3065	3080	3114	3146	3166	3113.7	32.7459	
1437899400 	1099	3065	3081	3114	3146	3168	3113.98	32.5146	
1437900000 	1099	3065	3081	3114	3146	3167	3114.32	32.8118	
1437900600 	1099	3065	3081	3114	3147	3168	3114.39	32.877	
1437901200 	1099	3066	3081	3114	3147	3168	3114.45	32.9486	
1437901800 	1099	3067	3081	3115	3147	3168	3114.7	32.9036	
1437902400 	1099	3067	3081	3114	3147	3168	3114.87	33.2214	
1437903000 	1099	3065	3081	3116	3147	3171	3115.22	33.1386	
1437903600 	1099	3065	3081	3116	3148	3169	3115.45	33.3909	
1437904200 	1098	3067	3081	3116	3147	3171	3115.6	33.325	
1437904800 	1098	3064	3082	3117	3148	3170	3116.02	33.5017	
1437905400 	1098	3067	3082	3118.5	3148	3170	3116.11	33.508	
1437906000 	1098	3068	3082	3117	3148	3174	3115.99	33.4235	
1437906600 	1099	3067	3082	3119	3148	3168	3115.99	33.3607	
1437907200 	1099	3068	3082	3118	3148	3181	3116.51	33.407	
1437907800 	1099	3067	3082	3119	3149	3171	3116.42	33.402	
1437908400 	1099	3068	3083	3118	3150	3171	3116.72	33.3325	
1437909000 	1099	3068	3082	3120	3150	3170	3117.09	33.417	
1437909600 	1099	3068	3083	3119	3150	3170	3117.25	33.5317	
1437910200 	1099	3068	3084	3120	3150	3175	3117.35	33.4028	
1437910800 	1099	3068	3084	3119	3149	3170	3117.33	33.3387	
1437911400 	1099	3068	3083	3119	3151	3175	3117.51	33.6198	
1437912000 	1099	3068	3084	3120	3150	3171	3117.65	33.6751	
1437912600 	1099	3067	3084	3119	3150	3178	3117.7	33.3126	
1437913200 	1099	3068	3084	3119	3151	3172	3117.56	33.2066	
1437913800 	1098	3067	3084	3119	3151	3170	3117.46	33.5621	
1437914400 	1098	3068	3084	3118.5	3152	3174	3118.07	34.0821	
1437915000 	1099	3069	3083	3118	3151	3172	3117.58	33.8299	
1437915600 	1099	3069	3084	3118	3151	3171	3117.87	33.3129	
1437916200 	1099	3066	3083	3119	3151	3173	3117.6	33.4	
1437916800 	1099	3069	3085	3119	3151	3169	3117.45	33.0367	
1437917400 	1099	3067	3084	3118	3149	3170	3116.94	33.0045	
1437918000 	1099	3067	3082	3118	3149	3169	3116.21	32.7543	
1437918600 	1099	3066	3082	3117	3147	3168	3115.45	32.9052	
1437919200 	1099	3067	3082	3115	3147	3167	3114.96	32.8689	
1437919800 	1099	3064	3081	3117	3146	3167	3114.46	32.9058	
1437920400 	1099	3064	3081	3115	3146	3169	3114.09	32.6786	
1437921000 	1099	3064	3080	3115	3145	3167	3113.74	32.823	
1437921600 	1099	3064	3081	3112	3145	3165	3113.75	32.4471	
1437922200 	1098	3064	3081	3115	3146	3168	3113.69	32.7966	
1437922800 	1099	3064	3080	3114	3146	3167	3113.63	32.7207	
1437923400 	1099	3065	3081	3115	3146	3169	3113.99	32.9571	
1437924000 	1099	3064	3080	3113	3146	3167	3113.64	32.712	
1437924600 	1099	3063	3080	3113	3145	3166	3113.12	32.8338	
1437925200 	1099	3062	3080	3113	3145	3167	3112.95	32.8939	
1437925800 	1099	3062	3080	3113	3145	3167	3113.13	32.9777	
1437926400 	1099	3062	3079	3112	3145	3167	3112.95	32.9093	
1437927000 	1099	3063	3080	3112	3145	3167	3112.51	32.6624	
1437927600 	1099	3063	3080	3112	3145	3165	3112.46	32.7087	
1437928200 	1099	3061	3079	3112	3144	3166	3112.23	32.6285	
1437928800 	1098	3063	3080	3112	3145	3170	3112.89	32.8575	
1437929400 	1098	3063	3080	3113	3146	3167	3113.64	33.2557	
1437930000 	1098	3065	3080	3112.5	3146	3166	3114.05	32.9246	
1437930600 	1098	3065	3080	3115	3147	3170	3114.38	33.3387	
1437931200 	1099	3065	3082	3116	3147	3168	3114.68	33.3751	
1437931800 	1099	3065	3081	3116	3147	3168	3115.2	33.3077	
1437932400 	1099	3066	3082	3117	3148	3169	3115.71	33.3288	
1437933000 	1099	3066	3081	3116	3149	3171	3116.22	33.5561	
1437933600 	1099	3067	3083	3116	3150	3169	3116.23	33.3951	
1437934200 	1099	3066	3082	3117	3151	3172	3116.74	33.5265	
1437934800 	1099	3067	3082	3118	3150	3171	3117	32.9743	
1437935400 	1099	3067	3083	3119	3150	3170	3117.08	33.2474	
1437936000 	1099	3068	3084	3118	3151	3173	3117.35	33.2315	
1437936600 	1099	3067	3083	3117	3151	3170	3117.36	33.5486	
1437937200 	1098	3066	3083	3117	3151	3170	3117.52	33.4179	
1437937800 	1099	3067	3083	3118	3151	3176	3117.55	33.4041	
1437938400 	1099	3068	3084	3118	3151	3169	3117.81	32.9578	
1437939000 	1099	3068	3084	3119	3151	3171	3117.9	33.3581	
1437939600 	1099	3068	3084	3120	3150	3171	3118.13	32.8531	
1437940200 	1099	3067	3084	3119	3151	3173	3118.23	33.4672	
1437940800 	1099	3068	3084	3120	3152	3173	3118.41	33.2549	
1437941400 	1099	3068	3084	3119	3151	3173	3118.21	33.3759	
1437942000 	1099	3068	3085	3119	3151	3173	3118.36	33.3834	
1437942600 	1099	3068	3085	3120	3152	3173	3118.78	33.668	
1437943200 	1099	3069	3085	3120	3151	3173	3118.71	33.7592	
1437943800 	1099	3068	3085	3121	3152	3173	3118.97	33.8508	
1437944400 	1099	3068	3083	3121	3151	3175	3118.97	34.1943	
1437945000 	1099	3069	3085	3120	3152	3174	3118.91	33.9081	
1437945600 	1098	3068	3083	3115.5	3152	3176	3118.54	34.222	
1437946200 	1098	3069	3084	3120.5	3152	3172	3118.41	33.8876	
1437946800 	1098	3066	3083	3117.5	3150	3168	3116.82	33.4457	
1437947400 	1099	3065	3082	3118	3150	3175	3116.76	33.6768	
1437948000 	1099	3065	3082	3117	3149	3169	3115.78	33.3336	
1437948600 	1099	3065	3081	3117	3148	3167	3115.66	33.0085	
1437949200 	1099	3066	3081	3116	3147	3168	3115.2	32.9056	
1437949800 	1099	3065	3081	3115	3148	3166	3114.88	33.052	
1437950400 	1099	3064	3081	3115	3147	3168	3114.29	32.9703	
1437951000 	1099	3067	3080	3115	3148	3167	3114.79	33.4882	
1437951600 	1099	3064	3080	3115	3148	3166	3114.88	33.3849	
1437952200 	1099	3065	3080	3115	3146	3168	3114.49	33.3209	
1437952800 	1099	3063	3081	3115	3147	3169	3114.09	33.1636	
1437953400 	1099	3065	3080	3114	3146	3166	3113.44	32.9751	
1437954000 	1099	3064	3079	3113	3145	3168	3112.87	32.9512	
1437954600 	1099	3063	3079	3111	3145	3165	3112.19	33.2026	
1437955200 	1099	3061	3079	3110	3144	3167	3111.49	32.8529	
1437955800 	1098	3061	3078	3109	3144	3163	3110.77	32.7622	
1437956400 	1098	3061	3078	3109	3143	3168	3110.64	32.5384	
1437957000 	1098	3062	3078	3108.5	3143	3162	3110.28	32.234	
1437957600 	1098	3061	3078	3108	3143	3163	3109.72	32.2215	
1437958200 	1099	3061	3077	3109	3142	3164	3109.89	32.2652	
1437958800 	1099	3060	3078	3108	3142	3162	3109.17	32.0473	
1437959400 	1099	3061	3077	3108	3142	3162	3109.49	32.3654	
1437960000 	1099	3061	3077	3109	3142	3163	3109.6	32.4671	
1437960600 	1099	3061	3077	3108	3143	3162	3109.6	32.5505	
1437961200 	1099	3061	3079	3109	3143	3164	3110.5	32.2741	
1437961800 	1099	3062	3079	3109	3143	3164	3110.55	32.0799	
1437962400 	1099	3062	3079	3109	3143	3164	3110.97	32.2496	
1437963000 	1099	3062	3079	3109	3144	3164	3110.95	31.9997	
1437963600 	1099	3063	3079	3112	3145	3164	3111.62	32.5162	
1437964200 	1099	3062	3079	3112	3144	3164	3111.59	32.4195	
1437964800 	1099	3062	3080	3111	3145	3165	3111.99	32.8041	
1437965400 	1099	3063	3079	3110	3145	3165	3112.2	32.7125	
1437966000 	1098	3064	3080	3111.5	3145	3164	3112.06	32.5783	
1437966600 	1098	3063	3079	3112	3144	3165	3111.57	32.5863	
1437967200 	1098	3063	3078	3111	3144	3164	3111.15	32.7688	
1437967800 	1098	3063	3078	3112	3144	3165	3110.98	32.6776	
1437968400 	1098	3063	3078	3112	3144	3165	3110.59	32.6106	
1437969000 	1099	3062	3077	3112	3144	3171	3110.64	32.6102	
1437969600 	1099	3061	3078	3112	3144	3163	3110.51	32.4143	
